id,cuisine
18009,russian
28583,southern_us
41580,italian
29752,cajun_creole
35687,italian
38527,southern_us
19666,french
41217,chinese
28753,mexican
22659,british
21749,italian
44967,greek
42969,indian
44883,italian
20827,southern_us
23196,italian
35387,irish
33780,french
19001,mexican
16526,southern_us
42455,japanese
47453,chinese
42478,french
11885,vietnamese
16585,italian
29639,mexican
26245,vietnamese
38516,korean
47520,italian
26212,southern_us
23696,mexican
14926,thai
13292,italian
27346,japanese
1384,chinese
15959,mexican
42297,russian
46235,indian
21181,indian
9809,cajun_creole
22982,cajun_creole
23120,chinese
26743,french
12741,mexican
7050,italian
22437,italian
14760,spanish
10649,russian
48065,vietnamese
39931,chinese
32935,italian
40142,thai
19103,indian
38267,italian
30512,italian
3324,chinese
26197,italian
384,japanese
47230,chinese
39748,cajun_creole
41038,french
24878,mexican
42624,filipino
45706,korean
8874,mexican
23878,greek
47234,southern_us
24075,thai
46323,italian
22562,italian
11358,french
9201,indian
38620,thai
47638,vietnamese
21238,indian
11053,japanese
46602,indian
13937,mexican
21876,southern_us
20798,greek
24381,chinese
48178,spanish
45832,italian
27560,korean
23247,british
28975,southern_us
43230,greek
9126,italian
13021,cajun_creole
28194,chinese
25617,indian
36125,italian
16454,mexican
1607,chinese
38526,moroccan
18755,southern_us
12035,italian
16047,greek
15419,italian
16971,indian
31459,greek
27888,southern_us
13900,italian
12376,thai
1658,korean
29431,mexican
22290,mexican
28464,italian
37953,korean
20814,jamaican
35987,mexican
2329,italian
43237,mexican
30647,french
16675,italian
37722,mexican
32438,chinese
20287,thai
43296,indian
6237,italian
48560,korean
20810,mexican
34951,french
31850,filipino
47745,southern_us
37815,vietnamese
9872,italian
5592,italian
27411,thai
39320,russian
40247,british
19792,mexican
40754,italian
14365,mexican
14468,spanish
47563,mexican
19611,italian
7163,mexican
43069,irish
27505,chinese
36500,chinese
25932,southern_us
817,italian
8471,french
48250,southern_us
9413,cajun_creole
12097,cajun_creole
8416,cajun_creole
5892,italian
676,irish
47015,chinese
21891,italian
14630,italian
36195,japanese
25981,mexican
39964,french
28298,indian
31954,spanish
26620,mexican
14932,southern_us
47426,french
1038,british
8077,russian
37141,southern_us
45447,french
9624,mexican
45589,british
7265,greek
31844,southern_us
13046,italian
9867,southern_us
29184,greek
34783,italian
2823,vietnamese
18932,mexican
11112,mexican
12859,thai
9365,italian
44516,japanese
18193,irish
46545,italian
9900,italian
14815,thai
39690,italian
22193,southern_us
11739,spanish
27311,chinese
36920,indian
7861,indian
29248,moroccan
43142,mexican
7574,cajun_creole
8610,mexican
989,italian
46926,mexican
40816,mexican
39726,chinese
42229,southern_us
10474,italian
22140,mexican
31985,indian
46165,japanese
20860,italian
42494,italian
15968,french
20484,vietnamese
26661,thai
47182,mexican
22528,russian
3861,thai
1203,french
45040,moroccan
33287,indian
10097,jamaican
42005,southern_us
12423,spanish
39613,mexican
30276,brazilian
18686,mexican
3031,french
40093,italian
182,italian
46591,mexican
4092,chinese
13722,southern_us
44575,italian
14989,italian
13270,southern_us
25529,italian
12140,indian
23127,mexican
13523,italian
41270,italian
8362,thai
11735,french
27935,italian
28198,mexican
37765,indian
33856,chinese
30198,french
42521,italian
21567,italian
36995,mexican
24967,thai
45002,mexican
48925,southern_us
36914,french
2280,southern_us
14729,cajun_creole
4594,cajun_creole
2237,mexican
45631,moroccan
2317,chinese
23079,southern_us
29333,chinese
48066,southern_us
15737,mexican
30580,jamaican
1119,spanish
46336,moroccan
5026,mexican
10749,indian
31020,mexican
30805,british
27653,southern_us
35060,mexican
39174,indian
49509,italian
31784,irish
31408,french
36029,mexican
11045,british
6561,southern_us
26992,french
31179,southern_us
35099,mexican
11018,chinese
17930,mexican
21302,italian
46352,chinese
25132,mexican
7010,mexican
25850,southern_us
19601,mexican
7935,italian
34994,filipino
25113,italian
45523,italian
34977,southern_us
7124,southern_us
27514,greek
27178,mexican
47880,korean
29197,spanish
16347,southern_us
20333,mexican
29112,chinese
7510,british
13897,korean
35699,moroccan
20520,mexican
38920,mexican
21775,indian
37475,japanese
40131,cajun_creole
1939,mexican
48268,cajun_creole
34815,greek
13797,mexican
39063,chinese
29064,chinese
26896,italian
29477,italian
3352,southern_us
4966,mexican
7316,italian
23879,mexican
16525,italian
32843,moroccan
39574,southern_us
32737,mexican
44788,filipino
28772,italian
34189,mexican
33719,southern_us
25846,indian
1423,indian
4328,vietnamese
579,southern_us
5219,indian
2314,southern_us
31143,moroccan
13409,korean
3281,greek
15804,thai
40835,cajun_creole
39262,korean
37013,indian
14807,jamaican
47956,thai
2580,mexican
13720,italian
23008,japanese
5951,indian
39312,mexican
6176,southern_us
17617,chinese
57,mexican
43422,indian
49403,irish
44751,british
21865,mexican
26584,italian
39355,korean
14038,mexican
45396,mexican
49715,mexican
41515,thai
30445,spanish
4090,mexican
17207,thai
40376,british
19398,mexican
22347,vietnamese
49671,mexican
40854,italian
926,chinese
47919,filipino
20571,italian
18866,southern_us
48742,mexican
14577,italian
29481,italian
40996,italian
34470,moroccan
31147,mexican
35932,italian
27221,italian
48301,italian
29925,chinese
48640,thai
22873,southern_us
10565,cajun_creole
15509,spanish
37569,southern_us
13306,chinese
40474,mexican
15182,indian
8609,chinese
32168,french
1125,spanish
25244,italian
46889,chinese
13841,vietnamese
47135,moroccan
29036,indian
43533,japanese
41631,french
22124,mexican
18836,cajun_creole
35695,french
5141,indian
41894,moroccan
4972,italian
34195,vietnamese
14183,southern_us
15188,japanese
8734,italian
30946,russian
5588,cajun_creole
49554,southern_us
1270,indian
1259,vietnamese
45986,greek
22351,french
300,mexican
9278,southern_us
10021,mexican
17014,indian
40855,italian
18362,korean
16292,chinese
29924,indian
47174,southern_us
4856,italian
15417,italian
19875,russian
42228,indian
36264,mexican
14571,italian
23496,chinese
43879,mexican
23431,indian
5499,italian
247,mexican
48795,indian
47113,french
489,mexican
13036,chinese
4838,italian
40630,indian
17576,italian
29972,indian
8123,indian
35918,mexican
42669,cajun_creole
24632,mexican
35740,mexican
45670,italian
28041,filipino
46688,japanese
10309,thai
15367,indian
30562,southern_us
47151,moroccan
47300,vietnamese
31200,mexican
5749,southern_us
41807,french
13990,mexican
23572,greek
872,french
38085,vietnamese
5248,southern_us
26309,mexican
26880,mexican
41559,mexican
8059,southern_us
26041,thai
30019,indian
7207,indian
30309,french
2092,french
8023,korean
4016,british
24631,italian
35068,southern_us
8523,mexican
28463,italian
8629,spanish
43829,cajun_creole
22129,italian
34505,chinese
38200,chinese
36513,chinese
32187,italian
7788,southern_us
31130,brazilian
40483,southern_us
2224,southern_us
14143,russian
22889,indian
17406,chinese
10451,thai
19844,italian
23416,russian
33874,french
39951,italian
41361,mexican
44659,indian
8836,french
21709,indian
22993,thai
39191,southern_us
17182,mexican
20507,korean
42397,southern_us
18897,italian
3797,thai
11041,brazilian
807,chinese
3514,italian
12936,thai
15050,french
43377,cajun_creole
10471,chinese
30721,mexican
14333,indian
6260,chinese
7712,southern_us
19048,southern_us
21455,mexican
18575,cajun_creole
47647,british
35947,mexican
14499,italian
43525,british
5723,mexican
48497,italian
43822,spanish
525,french
30594,mexican
47948,southern_us
2099,indian
43863,mexican
24711,thai
15230,indian
21680,indian
36218,mexican
41622,chinese
34809,italian
5110,french
27214,french
34803,chinese
36822,indian
6912,vietnamese
20373,french
29157,french
6327,mexican
35502,mexican
8305,french
35598,cajun_creole
48538,indian
49358,indian
44506,mexican
39146,indian
29270,british
20560,southern_us
24169,southern_us
41537,italian
10431,french
31517,french
34049,chinese
26964,mexican
49655,italian
9101,southern_us
30377,italian
7046,indian
47969,mexican
18971,southern_us
38891,southern_us
29506,vietnamese
40305,cajun_creole
21255,vietnamese
15578,mexican
24894,southern_us
32089,chinese
46097,filipino
40982,italian
12543,mexican
38366,mexican
32925,spanish
17506,thai
48389,southern_us
41804,korean
9961,thai
24939,indian
39599,french
45838,mexican
48875,indian
25531,chinese
3009,cajun_creole
31965,italian
16901,italian
13370,italian
2954,vietnamese
40353,italian
8207,jamaican
10933,korean
38206,chinese
14110,mexican
19128,italian
32616,indian
27748,mexican
31858,british
20510,italian
17602,thai
35665,japanese
46589,indian
8178,mexican
34880,italian
42527,mexican
29682,filipino
32166,thai
30343,irish
15385,cajun_creole
18372,thai
29211,italian
23269,korean
4561,mexican
27365,brazilian
49032,japanese
22064,italian
12060,chinese
47834,southern_us
25815,southern_us
34036,chinese
19326,chinese
44078,thai
31090,cajun_creole
17485,french
708,french
5350,thai
29754,british
18309,italian
46871,mexican
27300,southern_us
41890,mexican
49548,southern_us
11392,french
1354,thai
48819,southern_us
19097,brazilian
42113,greek
24060,thai
25849,mexican
4543,french
25306,southern_us
41966,italian
48719,indian
48191,thai
8826,british
42703,mexican
16083,greek
26613,chinese
28088,italian
39965,southern_us
36239,french
4322,moroccan
9951,italian
3045,mexican
28585,greek
39841,british
25913,mexican
39715,vietnamese
23135,mexican
47022,indian
24160,mexican
18619,italian
12574,korean
22681,indian
33692,cajun_creole
538,mexican
22118,chinese
21890,irish
36340,italian
27973,italian
12870,mexican
22564,chinese
35063,french
7000,cajun_creole
11318,moroccan
47001,french
11395,korean
23507,thai
47242,mexican
48957,italian
17721,italian
25138,french
47438,italian
47162,british
42459,italian
6486,indian
24116,indian
31596,chinese
38887,chinese
10665,jamaican
13712,southern_us
2633,italian
35784,southern_us
45204,italian
46722,southern_us
34949,british
35321,chinese
46430,southern_us
34431,southern_us
30890,cajun_creole
42132,filipino
15702,thai
47719,jamaican
45160,italian
20600,french
10800,greek
30479,greek
9457,cajun_creole
26571,thai
42942,italian
36635,mexican
43617,chinese
16911,mexican
122,mexican
22340,southern_us
37007,french
23595,italian
25233,french
5503,chinese
47338,thai
44695,vietnamese
7141,southern_us
14564,italian
19655,british
35326,indian
35922,mexican
28171,italian
1322,southern_us
14923,southern_us
42344,italian
16380,mexican
15233,indian
8338,chinese
41014,indian
30440,mexican
23043,chinese
20788,cajun_creole
14375,southern_us
1184,chinese
34280,italian
46171,cajun_creole
31834,chinese
14759,mexican
15855,korean
6662,italian
15056,greek
34873,chinese
20089,southern_us
20015,mexican
18402,italian
6418,french
1454,chinese
14070,chinese
26424,japanese
27349,indian
26459,korean
13151,italian
12264,italian
18366,french
46851,cajun_creole
18954,italian
39858,chinese
43500,irish
21656,italian
10505,chinese
5313,moroccan
28951,japanese
19961,indian
1795,southern_us
9917,french
26180,mexican
9726,italian
47689,italian
7866,mexican
41625,mexican
35160,mexican
4430,italian
39082,french
46186,indian
11988,indian
24177,vietnamese
31849,italian
41194,moroccan
36968,mexican
42330,chinese
36791,thai
19704,italian
4933,indian
4255,mexican
37105,italian
35848,mexican
17416,mexican
39066,japanese
36270,cajun_creole
24406,filipino
20517,french
27630,mexican
19670,french
4685,french
45260,italian
378,chinese
40841,italian
27632,japanese
12193,mexican
38047,mexican
10170,italian
25043,chinese
23851,italian
14743,chinese
13294,french
26466,chinese
32002,french
37526,southern_us
8888,italian
38945,southern_us
38546,cajun_creole
38869,french
10556,mexican
3296,french
25977,mexican
32025,mexican
44087,italian
32762,italian
824,southern_us
44636,italian
542,chinese
38218,french
41930,brazilian
1987,italian
37378,southern_us
8873,italian
1513,chinese
44013,mexican
38042,moroccan
11576,jamaican
24510,french
823,italian
23443,chinese
34870,indian
3846,southern_us
14993,french
16854,mexican
5886,mexican
33793,italian
2999,southern_us
20843,mexican
29153,chinese
33790,greek
16516,indian
37887,italian
18466,indian
48033,mexican
45404,italian
4175,mexican
31986,italian
38555,indian
26832,chinese
19810,thai
49086,filipino
39579,cajun_creole
25551,southern_us
42549,indian
22052,mexican
45632,italian
4143,mexican
11310,italian
32839,japanese
48171,japanese
22896,italian
10878,mexican
31643,mexican
47624,thai
35141,italian
13498,chinese
24566,french
16533,british
15437,mexican
19426,greek
32416,mexican
2427,italian
9178,southern_us
40606,italian
28450,japanese
7946,italian
21756,greek
17843,southern_us
44066,british
7427,chinese
11297,french
42965,greek
23067,french
35066,thai
27938,greek
39075,greek
20200,mexican
19823,mexican
12336,chinese
34714,mexican
45388,italian
25639,greek
33985,russian
25524,thai
19641,chinese
11106,chinese
22165,italian
35412,greek
23475,japanese
1570,italian
12815,southern_us
37253,indian
16900,italian
7701,southern_us
49391,mexican
1132,cajun_creole
13051,mexican
2284,chinese
21410,british
25604,greek
45746,thai
35911,southern_us
26608,japanese
16991,french
40657,mexican
47960,french
38408,southern_us
1295,vietnamese
40139,russian
38538,russian
26420,spanish
10326,vietnamese
5181,mexican
18210,indian
3241,southern_us
27062,italian
41527,thai
45484,mexican
38755,russian
47246,italian
164,italian
723,moroccan
299,italian
1519,mexican
34077,japanese
45254,indian
34760,russian
11154,spanish
26274,italian
15081,italian
45100,mexican
1417,italian
32083,italian
29971,italian
17679,cajun_creole
36539,indian
34975,mexican
4633,french
10321,southern_us
35565,italian
26919,chinese
9549,french
31863,southern_us
22053,greek
19443,italian
18540,italian
23354,italian
13859,mexican
23904,thai
6675,spanish
18595,southern_us
12967,chinese
17283,southern_us
23211,spanish
14358,mexican
31398,indian
42650,italian
25258,vietnamese
18457,vietnamese
11810,mexican
9499,cajun_creole
11943,indian
6810,thai
34323,french
23296,korean
45927,italian
45196,french
19917,japanese
20210,italian
41629,chinese
39907,italian
4956,mexican
37058,southern_us
20859,korean
3315,italian
4401,italian
21361,italian
44164,french
26391,italian
47771,italian
44140,greek
43739,indian
12481,irish
12292,vietnamese
15965,indian
23409,thai
39005,chinese
2774,indian
14529,japanese
16926,mexican
26890,brazilian
9663,filipino
43052,thai
24193,southern_us
5476,italian
10048,greek
1981,mexican
12194,chinese
22202,southern_us
7626,chinese
37365,mexican
44144,indian
37723,french
47194,filipino
30827,italian
33108,indian
2075,cajun_creole
6326,italian
11083,mexican
30311,korean
45371,mexican
18232,indian
9768,japanese
6648,southern_us
35650,cajun_creole
23013,italian
6669,indian
42670,mexican
18155,cajun_creole
44622,vietnamese
28426,mexican
23743,mexican
14176,brazilian
9576,italian
36577,mexican
16671,italian
22964,thai
16424,french
47225,indian
17565,french
36401,filipino
30314,french
32982,jamaican
21866,french
1475,french
13053,french
33983,british
24051,french
22800,french
16561,chinese
2740,southern_us
219,mexican
48737,greek
2164,french
13579,italian
71,mexican
12420,mexican
35209,mexican
11472,indian
43172,chinese
24927,cajun_creole
37102,cajun_creole
10743,southern_us
27874,indian
9565,italian
21419,italian
767,korean
28308,italian
37605,italian
9558,french
31527,italian
2419,chinese
7541,chinese
11400,greek
23487,southern_us
8087,french
21906,southern_us
48830,mexican
37328,southern_us
45490,british
9710,italian
16153,mexican
39537,moroccan
13923,filipino
8120,cajun_creole
12923,southern_us
1556,thai
6871,italian
34201,southern_us
36146,jamaican
33170,french
20082,mexican
26517,irish
15214,cajun_creole
34092,french
40902,cajun_creole
44452,greek
2083,italian
44897,mexican
17850,indian
26693,italian
19618,indian
35589,indian
46084,southern_us
17256,mexican
47570,mexican
32796,indian
27047,greek
39487,italian
130,thai
17627,cajun_creole
29072,southern_us
1108,cajun_creole
22666,mexican
41630,southern_us
27289,italian
42299,southern_us
36078,italian
7098,british
46999,southern_us
28791,chinese
39576,mexican
2447,french
22449,jamaican
23828,indian
5660,cajun_creole
47460,mexican
17912,southern_us
12288,southern_us
44037,italian
20875,mexican
6500,korean
13813,mexican
4907,indian
38186,italian
9816,mexican
8170,french
21681,mexican
42384,mexican
35366,southern_us
34244,indian
35421,mexican
33457,mexican
28026,chinese
38122,moroccan
21362,french
42253,cajun_creole
21994,italian
34457,vietnamese
40229,mexican
10181,mexican
38257,moroccan
40992,indian
15617,russian
34754,thai
45459,french
31295,cajun_creole
44977,southern_us
18322,japanese
23257,mexican
10084,filipino
16445,indian
10594,chinese
26828,italian
47643,chinese
49680,chinese
27446,italian
8731,spanish
37341,mexican
42241,japanese
13669,french
21403,jamaican
688,mexican
23894,mexican
35753,french
44692,italian
235,mexican
20982,moroccan
10166,mexican
2187,greek
5022,thai
49037,italian
44478,french
8912,cajun_creole
8919,italian
23856,jamaican
14647,mexican
48870,filipino
14377,mexican
18548,french
39591,italian
46746,italian
31926,italian
10159,thai
11342,chinese
32421,southern_us
19969,italian
3029,southern_us
39565,southern_us
7426,southern_us
20624,italian
4385,italian
18761,french
46710,chinese
46241,spanish
14208,indian
29323,cajun_creole
40663,russian
32391,mexican
9506,italian
35402,italian
48796,italian
4657,chinese
2404,southern_us
36923,southern_us
41762,italian
19344,chinese
19876,italian
39452,southern_us
19209,indian
35461,thai
5784,southern_us
40345,irish
24765,spanish
25563,southern_us
40680,mexican
36932,cajun_creole
28106,mexican
12717,mexican
40100,greek
6960,southern_us
20724,korean
24433,italian
32118,chinese
22353,italian
23040,mexican
46246,italian
36642,southern_us
21579,italian
24073,southern_us
16775,thai
24732,spanish
24221,british
33300,russian
34971,thai
19777,italian
24337,italian
24709,japanese
28557,italian
8963,french
31515,greek
22575,chinese
11011,italian
42030,italian
48012,chinese
13623,chinese
49552,mexican
5702,chinese
3847,italian
34221,italian
4312,italian
35834,mexican
11849,cajun_creole
38290,indian
3064,southern_us
30099,french
37354,mexican
27877,italian
45642,spanish
10629,mexican
17557,mexican
3725,mexican
49507,french
5560,moroccan
42239,indian
29559,thai
46028,french
26523,mexican
28313,filipino
32502,thai
43610,filipino
35563,italian
22160,chinese
11258,chinese
36220,korean
15974,spanish
30449,indian
29676,indian
29951,chinese
2268,brazilian
36813,mexican
28096,mexican
40471,italian
6545,french
33598,moroccan
22338,mexican
41918,vietnamese
2133,mexican
42259,thai
11056,mexican
7034,italian
17040,southern_us
35238,french
46155,italian
23356,italian
3909,indian
22107,mexican
1656,southern_us
9302,southern_us
19473,italian
13566,british
23424,italian
4139,southern_us
15970,russian
47732,southern_us
37251,southern_us
44870,thai
9773,italian
2131,spanish
6381,italian
9613,italian
47364,japanese
34376,italian
26408,indian
4763,italian
18982,mexican
2766,chinese
19247,chinese
13462,french
19678,french
22814,italian
18582,italian
3124,thai
19347,greek
8812,italian
22037,british
15423,southern_us
35960,southern_us
49336,mexican
1255,mexican
17646,italian
20631,italian
19492,mexican
22895,greek
18607,italian
34569,chinese
48356,spanish
12252,southern_us
21071,italian
22458,southern_us
19585,french
15597,indian
15038,southern_us
20028,mexican
29764,mexican
17206,southern_us
40901,mexican
37954,chinese
16933,chinese
42657,moroccan
21846,chinese
33834,mexican
25873,greek
5938,italian
34762,spanish
39835,french
5805,indian
13914,filipino
45924,moroccan
41460,italian
37287,italian
25059,italian
34872,mexican
7524,japanese
10427,chinese
8014,italian
14740,southern_us
24329,filipino
38514,thai
12665,chinese
24655,french
7078,chinese
15995,southern_us
15861,southern_us
30662,mexican
17836,italian
2078,french
3600,filipino
46302,indian
28375,southern_us
34839,thai
18345,italian
23205,russian
34763,italian
26692,southern_us
10317,thai
11767,cajun_creole
36881,italian
33468,chinese
20669,mexican
18159,irish
22891,russian
39588,italian
35941,japanese
15981,mexican
26013,chinese
5076,japanese
1573,italian
39380,french
13845,southern_us
35146,russian
32924,french
9567,italian
35203,spanish
39666,moroccan
17786,thai
21936,italian
8668,british
41339,southern_us
32268,italian
29706,mexican
42032,jamaican
8105,irish
11218,french
7159,italian
47817,italian
1572,indian
38720,southern_us
14780,mexican
31839,italian
6501,mexican
39533,southern_us
22820,southern_us
9619,spanish
14025,greek
19697,italian
5370,southern_us
32639,chinese
15249,chinese
47776,greek
48134,brazilian
24141,mexican
4117,chinese
20578,southern_us
47585,italian
20326,brazilian
43932,southern_us
29704,chinese
12447,cajun_creole
38117,thai
2684,greek
25371,mexican
25518,japanese
27083,italian
16073,indian
45667,southern_us
44188,italian
44888,mexican
41594,indian
1061,chinese
6536,greek
31586,mexican
9792,italian
40395,vietnamese
24861,italian
32253,indian
31082,french
19298,korean
6600,mexican
46939,southern_us
6092,southern_us
36600,russian
45979,brazilian
46910,italian
14174,british
10609,mexican
28647,greek
19066,moroccan
16803,moroccan
49114,british
14664,french
39670,mexican
4583,indian
31121,southern_us
12589,jamaican
22551,italian
11817,greek
22003,indian
42091,french
45966,southern_us
6811,italian
2711,italian
44757,filipino
5349,spanish
30294,vietnamese
48944,indian
44048,italian
411,southern_us
44998,japanese
18078,thai
48533,italian
16485,vietnamese
32939,southern_us
11808,italian
23059,chinese
16466,cajun_creole
7315,british
13178,indian
2751,indian
41395,mexican
20534,irish
12111,french
38708,french
37481,moroccan
28048,mexican
13123,italian
2174,french
17190,cajun_creole
25756,mexican
38180,moroccan
26892,cajun_creole
23757,japanese
8553,french
36272,thai
35224,indian
5203,southern_us
23565,southern_us
31420,greek
43491,chinese
38773,southern_us
15223,indian
17763,french
24528,italian
21704,mexican
45329,mexican
48876,southern_us
3741,mexican
47710,italian
9182,french
13782,southern_us
3369,korean
11985,southern_us
39817,chinese
26869,italian
37461,indian
24217,southern_us
2474,cajun_creole
45929,british
12768,southern_us
924,southern_us
13258,french
7955,mexican
37056,chinese
17934,mexican
5843,indian
46881,italian
4049,mexican
24173,southern_us
4683,italian
32612,chinese
11314,mexican
13550,mexican
2483,indian
9573,italian
34113,chinese
37865,filipino
36951,brazilian
4703,moroccan
10734,indian
40444,jamaican
44334,mexican
35991,italian
34020,southern_us
3743,japanese
18305,chinese
7877,greek
10606,cajun_creole
30584,italian
9266,indian
35196,mexican
41070,mexican
25930,filipino
48564,filipino
14213,thai
6618,mexican
18479,cajun_creole
10279,french
30750,cajun_creole
45701,italian
22947,korean
6467,indian
16365,mexican
7184,greek
23270,mexican
41805,mexican
7537,indian
18616,chinese
42857,indian
37906,irish
16846,italian
573,mexican
26657,indian
12408,british
38232,italian
33447,french
40227,mexican
35760,italian
1385,french
47866,italian
30871,italian
22604,chinese
39397,moroccan
38782,indian
45343,spanish
26112,indian
10209,italian
31702,moroccan
37943,chinese
23471,mexican
3529,thai
46794,mexican
16626,mexican
32361,chinese
20932,cajun_creole
11183,indian
33661,italian
12681,mexican
2450,mexican
23979,southern_us
18465,italian
28234,italian
47449,mexican
33869,indian
4924,mexican
18862,thai
30556,indian
35762,british
7396,cajun_creole
21232,mexican
18299,indian
35468,french
42838,italian
33972,cajun_creole
46021,mexican
1627,italian
28873,italian
38927,mexican
25262,chinese
19152,moroccan
11061,japanese
27000,cajun_creole
37396,chinese
47358,mexican
47825,italian
24681,southern_us
37706,french
44056,cajun_creole
38298,greek
30788,italian
36144,italian
21792,french
31745,mexican
15104,french
30589,thai
14235,moroccan
2608,french
34828,italian
3282,french
4336,southern_us
25666,jamaican
17831,mexican
17008,cajun_creole
35845,mexican
19494,french
30797,indian
33763,mexican
19950,southern_us
23089,southern_us
32074,chinese
49640,chinese
8403,chinese
15879,italian
7949,indian
31483,thai
32928,japanese
27647,southern_us
34616,italian
21113,french
41599,cajun_creole
23924,chinese
36335,italian
36194,jamaican
10980,mexican
45999,mexican
3943,filipino
188,indian
5799,italian
20964,irish
2716,french
5464,italian
17640,italian
39437,filipino
14835,thai
3094,british
14826,spanish
30173,mexican
37811,italian
22363,korean
6369,southern_us
26850,mexican
48887,italian
44405,italian
21477,mexican
32697,indian
38843,mexican
20076,chinese
26429,mexican
35648,thai
41794,mexican
22100,italian
30216,italian
17656,filipino
17317,italian
4928,italian
43965,french
6404,british
12274,thai
6651,southern_us
40406,italian
40933,southern_us
23419,mexican
37867,mexican
28834,italian
23912,chinese
4791,mexican
36354,japanese
32298,southern_us
44577,japanese
48859,chinese
32485,moroccan
8394,spanish
7708,italian
38385,brazilian
22622,vietnamese
29716,thai
44462,mexican
9422,mexican
22499,mexican
36,italian
434,italian
5479,mexican
42420,southern_us
47346,russian
44568,mexican
38650,greek
19191,italian
22848,irish
17886,mexican
6036,french
38608,french
12890,japanese
15709,southern_us
13125,southern_us
48454,spanish
36627,southern_us
47884,italian
28,southern_us
45365,mexican
40795,chinese
17651,indian
1530,italian
17604,thai
4700,mexican
24972,italian
23525,mexican
7092,italian
43757,mexican
4808,mexican
7249,southern_us
27589,southern_us
47523,southern_us
44244,spanish
10383,chinese
37285,mexican
21332,chinese
7311,indian
28052,spanish
31653,italian
1740,italian
5484,southern_us
41406,southern_us
41907,southern_us
46515,mexican
38392,italian
15925,mexican
5094,french
31816,cajun_creole
35713,mexican
31296,mexican
41640,french
22419,indian
47874,italian
6570,italian
6936,mexican
34063,cajun_creole
34141,italian
44572,southern_us
28425,italian
38481,mexican
18955,italian
46466,italian
5692,jamaican
39836,mexican
33718,moroccan
36250,mexican
286,indian
29766,italian
20541,southern_us
31173,irish
46440,french
23905,moroccan
37232,jamaican
8517,french
21249,cajun_creole
32700,italian
22845,mexican
45461,italian
1307,french
30010,french
21646,mexican
28148,italian
26450,jamaican
16602,mexican
9928,french
27063,southern_us
22273,italian
12744,indian
28272,italian
30350,jamaican
23362,southern_us
13645,greek
16942,southern_us
34970,italian
27829,british
38058,mexican
13256,thai
31859,italian
43027,southern_us
22235,chinese
2933,italian
45981,italian
11460,italian
33770,cajun_creole
24399,french
8006,italian
48885,italian
42585,moroccan
40160,mexican
45541,thai
22410,thai
26226,chinese
4591,indian
5457,moroccan
39085,italian
24040,mexican
6576,chinese
34310,cajun_creole
27350,mexican
9968,thai
2464,french
27952,chinese
43388,mexican
33143,mexican
28083,thai
15927,mexican
10255,french
8011,southern_us
5195,thai
36015,vietnamese
40910,french
11309,french
47556,cajun_creole
27958,indian
27198,mexican
643,french
40853,indian
15815,japanese
2063,italian
19827,irish
33443,italian
44632,korean
26773,thai
3203,french
32873,mexican
24806,thai
45942,italian
1324,french
32526,japanese
48093,italian
48942,italian
8845,french
11546,italian
44358,mexican
3209,french
10553,italian
44430,italian
44712,italian
16351,indian
44644,italian
31670,jamaican
49147,italian
19750,southern_us
48121,vietnamese
22722,italian
9910,italian
14236,italian
48341,jamaican
23190,thai
20362,greek
44794,southern_us
39419,cajun_creole
13526,italian
42270,mexican
37208,mexican
33824,italian
29953,italian
16387,korean
37672,french
1868,french
24984,thai
47128,greek
44303,filipino
20318,chinese
7513,italian
13261,italian
19259,greek
31103,cajun_creole
24037,italian
29984,southern_us
28159,french
5318,indian
23962,mexican
2084,italian
41793,french
18960,italian
17025,brazilian
15510,southern_us
36832,japanese
20643,italian
4154,mexican
10510,chinese
45117,italian
43403,italian
42471,indian
6942,italian
33309,mexican
6689,southern_us
48687,italian
9880,italian
25590,italian
21842,mexican
27151,indian
565,italian
21740,moroccan
42399,russian
35928,greek
47060,irish
43147,indian
16625,italian
16769,spanish
12515,southern_us
14731,greek
11658,mexican
49467,vietnamese
19749,italian
39723,japanese
5722,italian
31967,cajun_creole
39857,italian
16534,italian
27334,italian
32215,mexican
34903,french
24990,italian
31307,moroccan
38874,mexican
24130,italian
27816,chinese
939,korean
38293,southern_us
7889,cajun_creole
22114,southern_us
24614,japanese
48827,thai
3387,british
41676,french
3152,mexican
38805,mexican
27078,chinese
34940,french
16855,chinese
41891,mexican
36715,indian
49455,mexican
26522,spanish
28420,italian
329,british
18986,mexican
31705,british
7402,italian
10212,southern_us
10640,korean
38014,indian
5172,italian
26986,cajun_creole
5088,vietnamese
24522,italian
1900,mexican
4801,southern_us
27932,japanese
30941,italian
42354,mexican
48854,russian
39058,italian
34294,french
46593,southern_us
22582,mexican
36937,thai
34596,indian
42570,french
10147,southern_us
44796,vietnamese
46819,mexican
30905,mexican
34980,italian
49265,greek
37563,southern_us
25673,chinese
14267,irish
32410,cajun_creole
26392,thai
27384,italian
43045,thai
22576,mexican
11597,greek
22656,french
47811,mexican
7925,french
14860,chinese
27525,korean
7798,italian
10848,italian
19062,french
32224,chinese
11529,spanish
12155,italian
30628,cajun_creole
21909,japanese
14291,mexican
3323,southern_us
6502,british
25833,italian
31108,british
47484,italian
27396,italian
48147,chinese
10489,mexican
12014,southern_us
4904,mexican
36607,italian
12756,mexican
32462,british
42204,vietnamese
246,mexican
47061,korean
15908,vietnamese
29572,greek
13458,mexican
14022,southern_us
40437,vietnamese
48136,mexican
17687,italian
48504,brazilian
22857,southern_us
11465,indian
42107,thai
12514,mexican
46339,indian
8383,southern_us
27362,brazilian
38646,thai
44084,korean
12946,thai
11670,indian
34916,italian
2944,mexican
33063,mexican
26982,jamaican
2231,mexican
5118,indian
28258,southern_us
44113,southern_us
47328,korean
33937,filipino
40399,italian
23562,vietnamese
12787,mexican
13992,japanese
38992,southern_us
45269,mexican
15211,moroccan
34602,southern_us
41779,thai
4179,mexican
37925,japanese
46161,italian
5512,southern_us
27845,mexican
12024,italian
41072,irish
17911,italian
4237,chinese
40442,french
15522,mexican
6804,chinese
43807,thai
21647,chinese
22758,southern_us
32551,mexican
20470,mexican
20842,thai
43018,indian
45493,italian
42442,spanish
14655,italian
32247,french
32302,italian
42075,mexican
19949,mexican
23352,irish
48549,southern_us
15053,filipino
23490,indian
12080,chinese
41992,vietnamese
10618,brazilian
2870,southern_us
49226,mexican
10052,french
39400,italian
8410,mexican
15752,mexican
18854,moroccan
28448,thai
27260,indian
1083,french
21430,italian
46343,filipino
12493,italian
14251,indian
37764,spanish
3912,italian
28477,italian
25100,italian
44515,spanish
36019,southern_us
44471,italian
27855,indian
47538,southern_us
16954,mexican
5730,vietnamese
29892,cajun_creole
25581,italian
43708,indian
49152,mexican
40984,mexican
13050,italian
15031,french
42841,russian
16325,southern_us
1866,southern_us
29547,brazilian
24281,cajun_creole
49183,japanese
41136,mexican
15790,indian
23832,japanese
4231,french
5306,mexican
40103,cajun_creole
45908,mexican
34333,indian
19999,mexican
9304,korean
11613,mexican
30183,italian
14480,thai
26493,korean
46415,mexican
23012,indian
2981,italian
31371,moroccan
8119,spanish
48376,japanese
42957,mexican
18688,mexican
38876,spanish
11197,greek
48216,thai
24611,italian
16761,chinese
47345,italian
16477,spanish
31855,indian
403,mexican
48608,mexican
1985,french
36249,jamaican
27201,chinese
22141,jamaican
34166,cajun_creole
4721,thai
44230,mexican
21409,italian
29986,southern_us
15401,greek
32341,greek
46266,italian
6633,moroccan
42713,italian
9117,russian
16266,british
36470,southern_us
16164,indian
34712,chinese
29117,cajun_creole
34991,indian
24906,italian
36954,french
29979,italian
16710,italian
48056,italian
24035,indian
32656,indian
45875,french
1735,thai
35986,greek
45005,southern_us
46636,filipino
31507,southern_us
31348,mexican
28362,moroccan
33305,russian
36747,southern_us
39897,mexican
27450,japanese
49579,korean
24426,mexican
11507,moroccan
6093,chinese
49338,greek
11560,italian
49597,mexican
17865,filipino
5995,mexican
9707,mexican
6888,mexican
46148,japanese
19940,french
34637,italian
14214,moroccan
15805,russian
34328,chinese
27174,french
24919,italian
33206,mexican
10745,chinese
41550,southern_us
5008,french
10685,mexican
15287,italian
25701,french
31525,italian
27096,chinese
36113,japanese
48480,french
1944,italian
26314,italian
10478,vietnamese
15149,french
5024,british
1676,french
2869,mexican
20079,southern_us
8053,mexican
6212,italian
13557,indian
9735,filipino
39956,spanish
21569,mexican
3269,italian
4461,cajun_creole
41598,mexican
44612,southern_us
20150,french
7278,italian
35809,southern_us
21612,mexican
20357,french
23355,italian
27727,spanish
34021,jamaican
9970,mexican
36438,italian
12079,southern_us
22380,indian
28065,chinese
49690,italian
48671,moroccan
18509,southern_us
8903,greek
23374,chinese
22475,korean
28418,indian
42625,brazilian
44840,italian
42121,indian
2243,moroccan
18032,japanese
19392,mexican
25679,italian
11223,mexican
35867,italian
33842,mexican
12676,chinese
38377,indian
344,mexican
11864,chinese
16895,cajun_creole
3001,indian
19195,japanese
3635,thai
23150,russian
17502,italian
16405,moroccan
34160,mexican
34495,british
18377,french
18988,mexican
24880,spanish
48302,italian
33358,indian
20732,thai
22094,french
8638,italian
35556,mexican
27248,cajun_creole
15746,italian
46404,mexican
23323,greek
39018,southern_us
23510,italian
27710,mexican
30540,indian
48945,southern_us
37197,vietnamese
27343,chinese
29349,mexican
38383,cajun_creole
46758,mexican
24859,chinese
18292,mexican
32450,italian
35936,vietnamese
36789,southern_us
19804,mexican
16604,italian
585,southern_us
29352,indian
48392,italian
44324,greek
5012,cajun_creole
19487,italian
17263,mexican
26127,irish
39464,italian
4870,chinese
16171,moroccan
308,moroccan
19155,cajun_creole
18736,brazilian
43352,southern_us
24652,mexican
44181,greek
36237,indian
30286,italian
4019,russian
20111,british
35543,italian
25992,southern_us
8275,mexican
49613,vietnamese
45149,indian
38610,indian
18111,cajun_creole
35670,italian
30349,japanese
12034,japanese
20729,cajun_creole
11458,cajun_creole
16423,indian
47404,mexican
43875,chinese
43513,southern_us
21894,cajun_creole
9350,greek
18519,mexican
4651,mexican
14831,mexican
32530,thai
44131,indian
36724,southern_us
20264,cajun_creole
4994,indian
47875,french
1952,italian
6792,cajun_creole
44853,italian
13807,irish
14303,spanish
27449,mexican
20389,southern_us
32028,french
9758,mexican
15295,indian
14904,spanish
9534,italian
46950,italian
15648,indian
44473,greek
29833,italian
3015,italian
43675,french
3329,british
27359,moroccan
18163,italian
45238,indian
2146,italian
17194,french
15864,greek
6084,british
44220,italian
1843,filipino
4777,greek
27182,french
47648,italian
30068,mexican
36696,mexican
47909,southern_us
19016,mexican
32683,chinese
224,greek
2031,cajun_creole
26715,japanese
23886,mexican
28724,french
46037,spanish
38683,chinese
19328,italian
15324,italian
20480,italian
43132,mexican
25028,italian
15859,french
13023,indian
27838,cajun_creole
3661,indian
35313,mexican
45668,cajun_creole
3070,french
20607,italian
33560,chinese
43354,cajun_creole
19935,italian
45795,italian
42932,mexican
42059,italian
47601,filipino
31240,chinese
5339,southern_us
8192,greek
4831,korean
9134,indian
49500,indian
45456,southern_us
47506,mexican
43238,british
43910,french
36829,thai
2771,italian
14712,southern_us
37718,mexican
5264,indian
26273,french
48641,moroccan
46990,indian
26575,italian
43906,french
30518,mexican
45950,southern_us
15967,italian
25115,mexican
15112,southern_us
34860,cajun_creole
32100,greek
11239,korean
809,italian
9212,italian
34741,southern_us
29409,mexican
39986,cajun_creole
21487,spanish
36981,greek
19115,indian
37110,mexican
36185,chinese
26244,korean
18026,thai
36961,mexican
14384,mexican
6039,cajun_creole
31871,indian
35841,mexican
16074,french
39180,southern_us
19331,italian
8658,french
49574,italian
25237,mexican
6947,italian
5309,italian
35914,french
14715,chinese
47994,british
11508,korean
41662,greek
39047,indian
22933,french
5016,japanese
49449,spanish
39029,southern_us
1721,cajun_creole
41864,italian
17358,mexican
36847,mexican
34812,indian
5486,southern_us
2492,chinese
45624,mexican
7576,brazilian
34773,chinese
16904,chinese
4279,mexican
38068,southern_us
7370,moroccan
23586,french
48790,mexican
26717,mexican
32749,italian
42536,chinese
5372,french
37143,british
37244,italian
27674,thai
778,chinese
14686,french
9274,mexican
37769,italian
12871,italian
38528,mexican
32968,irish
6275,italian
4732,southern_us
9452,indian
29194,indian
16627,russian
5127,italian
26447,italian
11489,french
23884,british
14545,italian
19620,indian
9771,irish
21265,mexican
38249,italian
3483,southern_us
21262,italian
14605,korean
9448,indian
15750,mexican
6413,mexican
17585,chinese
10057,moroccan
29462,chinese
18943,italian
22591,mexican
32048,cajun_creole
32249,french
39578,british
21724,spanish
27119,southern_us
25094,filipino
41200,irish
33033,chinese
21389,southern_us
49103,italian
12519,greek
26913,indian
12460,italian
3397,moroccan
3502,chinese
42877,cajun_creole
249,mexican
46008,southern_us
14185,mexican
20873,moroccan
11722,southern_us
24883,indian
3932,italian
25728,spanish
16428,mexican
7887,mexican
48364,japanese
47197,british
28640,mexican
16758,chinese
39135,italian
33302,greek
23677,vietnamese
25509,mexican
35746,korean
46195,italian
19788,brazilian
18888,southern_us
21153,russian
44672,french
48707,chinese
2232,chinese
36081,thai
948,italian
24512,indian
24382,southern_us
40648,french
48886,southern_us
21967,italian
40119,italian
38221,indian
49494,cajun_creole
17286,italian
10421,chinese
13088,italian
34348,greek
15405,thai
15218,greek
40233,vietnamese
26098,chinese
17221,mexican
25198,thai
22532,thai
41563,chinese
2554,southern_us
38170,mexican
29476,greek
33384,french
5770,korean
5628,chinese
44069,italian
18530,greek
22369,thai
9498,italian
26476,french
29939,greek
9336,thai
26377,mexican
18442,spanish
13470,thai
34689,italian
11016,southern_us
28985,indian
25293,italian
569,southern_us
29992,japanese
20363,southern_us
6981,southern_us
30154,japanese
39960,southern_us
25975,italian
4029,indian
49081,filipino
7493,chinese
10393,mexican
6915,french
42310,french
15612,mexican
23160,french
37897,russian
44731,italian
3460,southern_us
29855,italian
31140,korean
4481,jamaican
30882,italian
511,korean
1120,spanish
42651,mexican
18209,irish
38368,chinese
31783,thai
37589,italian
17752,japanese
37020,cajun_creole
19503,mexican
2718,mexican
28365,mexican
45843,french
4514,filipino
4311,chinese
41356,southern_us
12022,british
6846,mexican
8983,indian
47589,italian
14859,southern_us
20035,southern_us
732,thai
38568,southern_us
10871,brazilian
42540,indian
48782,moroccan
17988,mexican
8147,korean
32029,indian
25598,moroccan
8695,chinese
11213,mexican
21053,italian
29154,southern_us
33691,japanese
32129,italian
43787,chinese
40642,italian
39782,french
38430,italian
33438,chinese
31602,southern_us
17581,southern_us
25169,filipino
35755,italian
33544,mexican
34252,thai
30764,italian
44946,french
716,mexican
24668,italian
24270,vietnamese
13165,italian
33758,italian
3090,vietnamese
43987,french
39021,mexican
44460,greek
29876,southern_us
17737,indian
36772,moroccan
18174,southern_us
20924,southern_us
39098,italian
32571,mexican
26957,korean
11363,mexican
20736,vietnamese
42639,chinese
43350,indian
15451,italian
45175,mexican
5652,french
1569,chinese
39036,thai
13673,korean
1550,mexican
38553,southern_us
38594,italian
3220,mexican
24686,thai
10863,italian
46683,greek
5113,mexican
34967,italian
15420,filipino
9607,cajun_creole
7190,mexican
7482,italian
3928,italian
11288,cajun_creole
1948,indian
6590,chinese
20275,indian
14212,italian
47990,mexican
36653,italian
22436,mexican
34790,french
45752,italian
19159,mexican
14515,french
27510,french
38699,korean
34959,french
7206,indian
2316,italian
18823,mexican
1909,southern_us
48313,cajun_creole
5844,southern_us
29975,moroccan
41091,italian
9532,southern_us
46569,french
10399,chinese
42934,italian
2688,mexican
27095,mexican
12476,southern_us
23070,mexican
9837,italian
45829,japanese
31887,southern_us
28518,irish
47168,italian
45321,mexican
20662,french
9699,thai
41018,indian
705,french
42898,italian
633,indian
31443,mexican
18613,mexican
19060,british
17845,cajun_creole
1534,french
41786,french
31656,brazilian
17330,french
7048,french
7938,southern_us
46208,italian
33759,italian
5526,thai
26943,mexican
20701,italian
35701,thai
36687,italian
21401,southern_us
376,greek
6980,italian
39402,italian
43095,mexican
18576,greek
39720,indian
17526,italian
27549,italian
27123,italian
22979,cajun_creole
46113,jamaican
31557,mexican
20414,brazilian
14487,thai
24881,italian
17955,irish
39109,mexican
35576,french
25876,cajun_creole
24669,mexican
22261,japanese
832,chinese
29742,italian
21381,jamaican
34322,italian
7224,korean
17978,greek
9438,thai
9458,chinese
41045,thai
34614,mexican
16651,italian
8230,southern_us
39372,cajun_creole
39357,southern_us
44341,mexican
42052,french
45208,thai
28626,southern_us
48345,vietnamese
37791,brazilian
15227,chinese
24053,japanese
17716,british
6087,southern_us
28000,mexican
4320,italian
21783,italian
16148,mexican
47562,italian
31541,italian
43574,russian
45475,spanish
16953,southern_us
5239,chinese
4595,indian
37279,british
33264,italian
30484,mexican
9200,southern_us
7457,thai
42413,chinese
18484,vietnamese
20985,mexican
29503,jamaican
45242,italian
46953,filipino
13948,mexican
1623,italian
33251,italian
6148,french
30392,southern_us
144,chinese
20602,southern_us
48085,indian
14896,italian
47518,thai
29161,mexican
39363,mexican
694,french
3887,italian
12671,southern_us
31117,cajun_creole
14714,moroccan
29993,thai
20639,italian
17665,greek
3969,indian
11014,mexican
19530,southern_us
17271,mexican
30457,italian
22989,indian
45756,indian
20297,japanese
10942,british
35686,mexican
13032,italian
7951,cajun_creole
20432,southern_us
17971,mexican
4128,british
7589,mexican
18816,chinese
12650,chinese
418,indian
36366,british
32991,mexican
6424,italian
8134,indian
39280,southern_us
3091,italian
23382,italian
34090,mexican
23320,mexican
14962,spanish
42047,indian
44805,mexican
36584,french
3016,indian
6391,chinese
38188,mexican
1784,mexican
18300,italian
3856,italian
41841,japanese
16837,italian
23687,indian
38118,indian
27801,chinese
17096,chinese
20235,cajun_creole
13288,british
26749,cajun_creole
19084,mexican
35200,cajun_creole
41073,greek
28016,italian
18431,italian
22228,japanese
27456,mexican
325,italian
6543,italian
7062,chinese
49221,french
44536,italian
24865,indian
26543,filipino
10096,southern_us
38273,italian
6710,jamaican
49243,italian
19624,italian
24435,cajun_creole
14883,italian
22516,mexican
587,brazilian
40539,mexican
11208,italian
18273,mexican
22762,japanese
13300,italian
42245,italian
14177,greek
4184,moroccan
14277,southern_us
41308,mexican
34438,italian
9805,chinese
38007,italian
23919,indian
13945,moroccan
32279,indian
17456,mexican
47941,southern_us
32310,italian
44442,italian
14163,french
27573,italian
777,greek
44116,indian
13347,mexican
29348,japanese
14219,mexican
39983,italian
33682,french
21443,indian
47642,cajun_creole
1759,cajun_creole
1205,southern_us
4794,southern_us
17408,spanish
34666,thai
40237,greek
13778,italian
41289,italian
3560,southern_us
35830,mexican
11151,cajun_creole
12789,cajun_creole
21166,italian
24716,russian
25586,mexican
11046,southern_us
31793,indian
28746,french
7226,cajun_creole
30991,southern_us
47476,irish
30626,italian
49367,indian
35754,indian
4247,jamaican
49423,italian
22295,russian
2749,chinese
685,french
30988,italian
46285,italian
40492,mexican
22264,italian
15921,mexican
388,chinese
33121,chinese
35685,mexican
4416,italian
17725,italian
39525,moroccan
27034,british
28470,southern_us
38953,mexican
20045,french
12896,mexican
39573,greek
8838,brazilian
15399,thai
39439,mexican
26837,chinese
41220,italian
35968,chinese
24335,thai
10983,japanese
5516,mexican
38894,thai
11887,greek
31306,southern_us
38578,indian
3561,southern_us
45095,thai
30969,italian
14389,southern_us
29670,chinese
40995,southern_us
33629,italian
10616,italian
30886,italian
18995,indian
31098,filipino
34607,filipino
48989,french
44542,japanese
47075,brazilian
19228,vietnamese
2685,mexican
11686,filipino
9610,mexican
30405,greek
43666,moroccan
32892,italian
44741,southern_us
6791,chinese
440,italian
22693,mexican
24328,korean
13800,korean
23873,cajun_creole
12767,southern_us
5929,mexican
20645,mexican
20999,cajun_creole
29995,japanese
35223,greek
22414,greek
23410,chinese
36558,japanese
13704,french
41952,indian
46915,cajun_creole
47170,southern_us
2295,indian
46128,southern_us
48349,italian
1482,korean
26589,russian
9418,italian
31356,irish
16052,mexican
43594,mexican
29099,indian
23472,italian
34914,italian
19404,thai
28299,italian
12314,italian
6047,southern_us
37581,italian
12750,chinese
17498,japanese
7694,italian
14531,italian
26628,mexican
8205,southern_us
25101,mexican
29045,greek
20917,indian
8311,moroccan
10213,japanese
15241,thai
46132,french
15349,italian
22580,mexican
47335,italian
17759,cajun_creole
27633,greek
42313,mexican
47272,thai
4553,mexican
15235,southern_us
34102,jamaican
21227,british
9782,italian
6913,french
11944,chinese
19035,moroccan
9848,mexican
42745,mexican
40846,italian
27618,mexican
41067,mexican
13555,french
18063,mexican
16962,irish
8415,french
19041,cajun_creole
38889,italian
32528,thai
21750,italian
11344,chinese
27945,chinese
37025,italian
789,mexican
25084,chinese
6024,southern_us
14741,indian
20468,chinese
26963,spanish
1451,indian
27745,cajun_creole
31347,cajun_creole
46592,mexican
38107,indian
5987,southern_us
1808,french
23783,greek
28618,italian
36764,korean
11326,mexican
3020,korean
24326,french
34002,thai
11499,italian
9268,french
49368,chinese
44720,chinese
13127,spanish
34494,italian
48382,thai
18585,italian
40052,chinese
46321,irish
49561,southern_us
9453,mexican
19555,mexican
17833,italian
10196,southern_us
35996,thai
22530,italian
44176,southern_us
2669,italian
10896,indian
7343,greek
46255,chinese
27043,french
20998,british
12357,mexican
36339,french
45086,thai
37690,southern_us
37829,indian
3537,mexican
5150,southern_us
13,southern_us
44579,southern_us
8749,brazilian
131,mexican
44306,mexican
19202,italian
21300,southern_us
27286,irish
18297,italian
4388,mexican
22234,greek
7359,french
39947,french
6855,french
46057,italian
33950,italian
36009,southern_us
23732,italian
21316,thai
32806,cajun_creole
34343,jamaican
11973,french
2380,mexican
30667,southern_us
42364,indian
30258,italian
34109,thai
5265,italian
123,mexican
12498,italian
23713,mexican
25176,italian
28576,indian
32563,mexican
38829,indian
3835,italian
1960,indian
43991,mexican
45136,italian
41554,italian
10118,japanese
43827,mexican
32583,mexican
31949,italian
23574,chinese
28211,filipino
21793,mexican
25914,brazilian
34735,cajun_creole
26071,chinese
9476,french
29443,southern_us
16966,chinese
6457,british
25882,mexican
48390,greek
28356,southern_us
15699,filipino
2090,spanish
4686,french
27937,thai
25560,mexican
38937,italian
48670,southern_us
2547,french
17442,southern_us
28669,cajun_creole
4410,mexican
36917,chinese
46755,moroccan
25321,southern_us
47019,chinese
33077,spanish
11593,french
44295,mexican
46632,chinese
18503,southern_us
29030,southern_us
32516,french
35128,southern_us
41715,cajun_creole
49185,indian
35517,french
13909,southern_us
36886,southern_us
29304,mexican
29577,thai
24570,mexican
29466,chinese
10724,indian
30026,italian
37133,japanese
29346,thai
32871,thai
46420,chinese
29083,chinese
4402,spanish
15877,spanish
33448,indian
3541,italian
27704,indian
28658,italian
23793,italian
11040,irish
28419,spanish
37086,italian
13965,italian
28674,mexican
5645,southern_us
20756,mexican
15548,irish
14495,filipino
11989,italian
47482,indian
14101,mexican
1289,mexican
49473,filipino
39161,chinese
14452,spanish
31489,thai
15599,mexican
28440,italian
33624,mexican
24090,french
16137,italian
4819,french
1377,southern_us
47636,mexican
25907,chinese
35894,mexican
20315,mexican
27199,jamaican
34055,italian
26938,cajun_creole
5734,mexican
32241,italian
2163,russian
20340,cajun_creole
6278,thai
49404,british
36731,mexican
29165,mexican
24932,indian
6591,indian
14644,mexican
43518,southern_us
28979,vietnamese
45821,cajun_creole
26627,french
39139,thai
3026,chinese
13204,italian
762,chinese
28036,italian
46514,mexican
34536,italian
36484,indian
5676,mexican
13715,southern_us
43019,mexican
2471,mexican
34065,italian
39362,french
4987,mexican
28414,jamaican
8710,italian
6610,italian
28847,cajun_creole
10560,indian
32993,italian
16912,mexican
35262,italian
46936,thai
14553,cajun_creole
17471,korean
22897,cajun_creole
2789,mexican
3897,italian
22751,italian
16566,japanese
23033,southern_us
30500,cajun_creole
13018,indian
13077,italian
9177,italian
16012,italian
5293,mexican
35451,british
5591,moroccan
44443,mexican
36811,italian
7031,indian
11475,italian
5556,italian
33728,indian
46703,southern_us
41776,italian
4099,italian
4251,mexican
29381,italian
30300,chinese
27494,french
48254,japanese
32789,indian
44569,korean
44160,italian
18762,mexican
23808,southern_us
11875,moroccan
35843,jamaican
4948,indian
34713,vietnamese
8352,italian
28407,mexican
3506,british
44338,chinese
38464,greek
1139,mexican
12287,indian
27031,chinese
42153,french
42686,jamaican
44415,cajun_creole
10072,british
8618,french
14153,mexican
23825,greek
21440,spanish
13366,cajun_creole
24979,filipino
33437,mexican
4864,japanese
33017,spanish
15122,thai
42731,brazilian
8281,southern_us
2812,mexican
30683,british
24249,french
12169,cajun_creole
28629,italian
32774,southern_us
15181,italian
44314,mexican
37583,british
28069,chinese
33503,filipino
24015,italian
39333,chinese
13414,italian
4855,spanish
6512,italian
21974,greek
9062,italian
6243,italian
10675,mexican
35788,italian
37372,chinese
28810,japanese
23045,italian
21296,southern_us
33484,italian
30045,chinese
17354,indian
30061,mexican
41671,mexican
13160,indian
43260,chinese
43992,chinese
16117,french
30403,greek
37331,italian
5456,southern_us
26893,irish
44470,french
38130,moroccan
9361,mexican
19320,french
3545,korean
25778,italian
34074,chinese
34216,brazilian
38817,spanish
20749,mexican
31535,italian
2052,cajun_creole
18186,indian
49595,french
47592,italian
26011,italian
23403,indian
8005,japanese
19517,french
10157,mexican
47071,british
22469,greek
26224,italian
29482,southern_us
8227,chinese
12580,british
26385,thai
49610,british
6446,moroccan
1766,mexican
19538,chinese
44811,french
16844,mexican
28777,italian
28282,italian
15025,mexican
35345,thai
21527,filipino
26997,indian
40454,chinese
2828,italian
18980,cajun_creole
13604,mexican
9911,indian
49684,chinese
5056,mexican
2990,spanish
32016,cajun_creole
37476,thai
33761,chinese
20280,british
19266,greek
17492,italian
29376,southern_us
39788,mexican
606,korean
28514,brazilian
8497,korean
14688,southern_us
6514,southern_us
22222,mexican
40303,mexican
23173,brazilian
26842,italian
38197,jamaican
6680,indian
11165,mexican
10077,spanish
10703,chinese
32046,british
40961,cajun_creole
35596,thai
1653,mexican
3886,french
14121,spanish
36351,thai
32915,italian
5386,filipino
40215,mexican
183,italian
24641,vietnamese
47715,mexican
34390,cajun_creole
712,filipino
12535,chinese
49435,russian
30517,cajun_creole
3489,french
1636,french
30044,mexican
24095,mexican
22105,thai
24627,japanese
38840,mexican
9246,italian
32088,mexican
38769,vietnamese
5657,british
15325,chinese
28603,mexican
42188,moroccan
30446,italian
1757,chinese
32710,cajun_creole
2136,british
27690,indian
35074,southern_us
48873,mexican
39277,southern_us
28708,italian
45762,italian
37933,italian
4491,moroccan
35597,southern_us
15163,french
25745,italian
49614,mexican
41946,cajun_creole
6372,italian
39604,cajun_creole
42983,chinese
19983,indian
21892,moroccan
20647,italian
47368,japanese
3557,southern_us
41749,mexican
31498,italian
19271,southern_us
15640,british
26181,italian
22491,british
31939,vietnamese
35961,italian
9811,cajun_creole
40599,indian
40190,cajun_creole
16581,italian
22637,jamaican
37123,french
36020,cajun_creole
2226,italian
43012,mexican
13134,italian
18749,british
1692,british
10138,cajun_creole
25235,indian
13955,italian
42655,thai
12415,italian
7502,italian
27394,southern_us
44210,mexican
5331,southern_us
25173,mexican
48988,italian
20735,thai
22048,italian
27644,brazilian
43242,mexican
28368,french
2429,italian
25477,mexican
30938,mexican
29877,italian
30451,mexican
48987,thai
17989,french
13439,indian
33444,italian
38794,southern_us
37227,italian
39679,french
34234,southern_us
38038,chinese
7274,italian
18018,greek
11450,italian
48160,cajun_creole
21288,mexican
34704,french
46684,italian
7049,mexican
9116,vietnamese
22485,greek
6346,mexican
40269,mexican
35850,chinese
1429,brazilian
19739,french
38972,british
39570,italian
43463,italian
21757,italian
36070,greek
40550,mexican
22914,thai
15074,indian
41576,mexican
46372,italian
8751,french
47378,italian
21143,japanese
3818,moroccan
48486,cajun_creole
23388,italian
37216,mexican
13142,cajun_creole
828,italian
18468,chinese
25554,mexican
9863,italian
12771,thai
3066,italian
35442,mexican
25696,italian
38136,french
35825,italian
28933,cajun_creole
34629,southern_us
22169,italian
7028,korean
37204,mexican
16980,mexican
27356,mexican
11736,irish
1632,indian
1073,cajun_creole
8236,british
42866,italian
30904,thai
35258,italian
17290,italian
35929,mexican
46072,chinese
46763,french
47664,italian
45625,indian
31177,mexican
33941,mexican
12272,russian
48146,indian
11812,french
42795,mexican
14372,italian
2964,mexican
9236,chinese
18992,chinese
30902,british
30939,italian
20108,italian
6562,indian
46412,japanese
8034,french
37521,southern_us
46651,italian
32493,spanish
3251,italian
31825,southern_us
2676,southern_us
32140,french
5326,mexican
38240,french
45874,chinese
17253,japanese
25292,mexican
48666,moroccan
49278,mexican
47903,southern_us
42062,italian
27885,italian
21229,spanish
47629,southern_us
16695,indian
5355,southern_us
45369,mexican
25736,chinese
29882,thai
38900,indian
1508,southern_us
2526,italian
16563,mexican
49060,french
31448,southern_us
36746,thai
1280,southern_us
41950,brazilian
25948,greek
35444,chinese
2881,italian
44080,southern_us
4446,japanese
47106,indian
15521,korean
44359,southern_us
48967,southern_us
1599,italian
44514,greek
7140,indian
27656,cajun_creole
35581,cajun_creole
6359,chinese
41639,italian
42680,indian
31520,mexican
47846,mexican
7993,italian
2996,italian
27737,vietnamese
27427,moroccan
3734,italian
44673,italian
43924,chinese
18628,greek
3596,filipino
37666,southern_us
14633,spanish
36259,indian
19752,mexican
16697,french
9550,moroccan
20813,irish
34356,italian
3583,italian
14148,chinese
28329,italian
166,mexican
12368,southern_us
32261,thai
35306,southern_us
1414,chinese
45051,italian
20767,mexican
23450,french
404,italian
527,japanese
25416,vietnamese
25409,southern_us
34603,chinese
20266,mexican
9513,filipino
7794,french
19429,indian
11328,italian
49242,mexican
40411,chinese
46424,italian
1634,southern_us
47221,thai
3963,southern_us
15515,cajun_creole
6735,mexican
41899,southern_us
36222,chinese
24468,cajun_creole
9876,british
33614,british
42279,russian
46846,vietnamese
34711,thai
39556,brazilian
1064,cajun_creole
30080,italian
6076,italian
5670,moroccan
44525,moroccan
19743,indian
36205,southern_us
9030,italian
39755,japanese
39434,japanese
37803,southern_us
30053,spanish
11661,italian
17918,indian
44237,brazilian
38536,italian
47369,irish
6108,mexican
16807,indian
41329,southern_us
33582,thai
9570,indian
47129,southern_us
14268,italian
8395,southern_us
38977,mexican
22716,irish
25753,southern_us
12018,mexican
31659,indian
21149,italian
10328,indian
33585,italian
29192,italian
46733,french
12887,chinese
24354,french
39237,italian
19430,japanese
39895,mexican
34566,italian
17889,thai
40652,mexican
31395,chinese
35908,mexican
18341,mexican
17745,mexican
40560,mexican
25097,french
31430,british
25484,indian
43668,french
2184,indian
12106,japanese
25747,indian
11423,italian
22403,indian
2880,korean
15445,spanish
9825,mexican
31607,indian
9341,italian
2406,southern_us
28466,mexican
8619,italian
16097,filipino
11652,mexican
16852,french
29111,italian
33602,indian
35,mexican
47741,italian
39820,brazilian
25332,korean
5720,chinese
19634,southern_us
34851,chinese
14117,chinese
12195,british
33665,greek
46228,italian
15964,italian
47502,chinese
41865,spanish
46055,french
8863,mexican
48658,italian
42251,french
33164,italian
24526,southern_us
39431,french
3893,southern_us
34175,southern_us
6727,british
17230,mexican
24579,mexican
15873,russian
3703,southern_us
27030,southern_us
9149,italian
16152,mexican
49665,italian
27036,greek
8341,italian
30384,italian
32883,indian
29047,mexican
31964,british
7011,greek
46301,southern_us
3495,vietnamese
11949,mexican
975,french
15529,mexican
15372,mexican
5176,italian
13631,italian
42028,spanish
4936,french
26471,cajun_creole
43833,chinese
47933,southern_us
38373,mexican
5780,filipino
46303,italian
27308,italian
10340,italian
48900,southern_us
876,cajun_creole
10446,southern_us
15082,mexican
31706,russian
24885,southern_us
34944,cajun_creole
7917,italian
5923,indian
44272,italian
41074,french
381,italian
16053,irish
37470,french
23027,mexican
42078,french
13183,italian
14828,greek
15394,mexican
46300,irish
38963,mexican
679,french
34558,chinese
31528,cajun_creole
45629,mexican
5034,mexican
35031,greek
13237,mexican
42339,italian
3911,french
20409,french
24741,italian
18381,indian
7572,french
24226,italian
19945,mexican
31809,italian
17903,greek
48664,cajun_creole
14122,greek
3175,mexican
3403,indian
11062,southern_us
16629,mexican
11349,italian
14353,mexican
25633,mexican
11424,mexican
36024,thai
7151,mexican
12777,mexican
34289,southern_us
13904,italian
40792,british
11649,southern_us
227,italian
10396,cajun_creole
6559,korean
14195,italian
21511,southern_us
431,vietnamese
5651,southern_us
20754,indian
24905,southern_us
16731,korean
9006,greek
43909,italian
28526,italian
31141,italian
39787,mexican
35320,mexican
25077,chinese
2902,italian
34305,indian
6174,southern_us
24695,greek
12211,chinese
13227,thai
728,spanish
21635,indian
14011,british
5861,italian
9976,moroccan
49218,korean
27684,mexican
11095,chinese
47314,greek
41901,spanish
5859,southern_us
3947,indian
14030,moroccan
10056,italian
39408,french
35283,italian
13994,brazilian
36302,british
16113,korean
47207,thai
36198,thai
21134,southern_us
49070,italian
8030,mexican
31802,french
36511,brazilian
7785,italian
38965,southern_us
31453,italian
43100,mexican
32307,southern_us
45405,spanish
28532,filipino
16092,southern_us
29029,moroccan
5596,italian
11369,vietnamese
37436,mexican
2421,mexican
22070,mexican
10600,italian
11150,mexican
29257,italian
38540,southern_us
18998,mexican
39974,british
2159,french
19679,vietnamese
44146,moroccan
36086,chinese
20676,moroccan
39779,japanese
33522,thai
498,italian
45937,russian
41501,russian
44156,thai
5643,indian
35874,cajun_creole
24413,mexican
47297,mexican
10073,indian
4798,moroccan
7802,cajun_creole
3970,italian
24416,thai
13072,russian
29046,cajun_creole
12898,french
24957,indian
18725,thai
46929,southern_us
23140,southern_us
30516,chinese
34081,vietnamese
12927,greek
44088,japanese
20785,italian
16672,southern_us
5400,mexican
30322,italian
17272,italian
9797,italian
14795,mexican
7619,british
42124,french
23249,thai
44158,chinese
17462,mexican
3580,italian
9896,mexican
29669,mexican
30625,chinese
7685,italian
7632,moroccan
28349,korean
4510,thai
35383,brazilian
18569,italian
11379,french
9434,italian
37774,southern_us
33651,jamaican
47017,italian
31874,moroccan
26733,british
20962,chinese
1467,italian
11173,indian
12949,spanish
11565,southern_us
29756,italian
25577,italian
36779,chinese
10974,french
42163,southern_us
15337,french
23242,vietnamese
7952,brazilian
27424,mexican
3816,southern_us
27190,french
43764,french
17714,chinese
30022,mexican
33281,greek
43503,southern_us
27385,thai
2396,thai
25387,thai
1017,vietnamese
18852,chinese
14861,french
47487,filipino
46015,chinese
12684,italian
12588,southern_us
33061,chinese
38952,italian
20915,indian
34732,french
48656,mexican
38736,mexican
20374,indian
18664,indian
15638,southern_us
10458,french
47980,cajun_creole
43084,spanish
4534,southern_us
26269,southern_us
23498,vietnamese
5053,french
5010,italian
49028,filipino
36714,chinese
21490,mexican
8448,korean
49408,japanese
28982,italian
20207,thai
37751,cajun_creole
42412,moroccan
47466,southern_us
40672,chinese
47821,mexican
42090,french
10019,jamaican
45793,southern_us
32933,mexican
48283,french
19798,greek
41233,mexican
37147,italian
26516,chinese
4305,southern_us
30883,italian
31677,spanish
25378,southern_us
40122,thai
20889,southern_us
10994,chinese
29311,french
46431,southern_us
17648,thai
32111,chinese
15728,irish
16960,mexican
23535,french
29667,mexican
31729,british
41910,italian
13996,french
21089,french
32705,italian
42847,mexican
26201,mexican
26813,brazilian
32471,italian
44990,indian
17237,korean
39403,japanese
15652,mexican
14568,spanish
44779,mexican
37888,thai
9529,mexican
20700,southern_us
17741,mexican
17475,southern_us
12581,mexican
5996,cajun_creole
29042,chinese
987,irish
39819,italian
31679,filipino
1150,thai
39167,mexican
43037,chinese
20071,italian
43815,french
31649,italian
12218,indian
32836,chinese
18175,french
48197,japanese
31474,vietnamese
46428,mexican
25246,mexican
2991,indian
38216,greek
14978,southern_us
31085,chinese
34515,chinese
6026,indian
19132,italian
48775,french
29309,italian
4033,italian
36462,indian
13235,chinese
17863,cajun_creole
25694,irish
24204,italian
14541,japanese
13993,chinese
8996,mexican
9943,irish
22707,irish
35292,french
46886,mexican
11566,greek
8272,british
30552,thai
21033,french
42971,italian
42275,italian
44059,french
44159,spanish
48500,italian
14617,chinese
7867,indian
13913,cajun_creole
40684,jamaican
49174,british
34772,british
16738,italian
11353,thai
17429,chinese
6213,moroccan
26682,french
42067,southern_us
45944,southern_us
43318,italian
32084,chinese
23806,italian
2721,southern_us
6479,russian
48519,mexican
12560,mexican
4171,vietnamese
14434,greek
21159,italian
44745,italian
12965,mexican
39978,indian
32514,indian
1336,italian
48649,greek
21591,chinese
32813,italian
5818,chinese
39944,greek
33274,irish
13429,southern_us
9739,chinese
44031,jamaican
25007,italian
29143,greek
41309,southern_us
17675,vietnamese
5570,italian
12206,italian
33553,italian
30898,thai
23937,french
11454,mexican
16091,greek
6058,cajun_creole
18720,thai
42018,jamaican
3462,italian
19617,cajun_creole
18874,indian
6416,chinese
15063,thai
46292,chinese
38247,southern_us
36427,mexican
47417,russian
4768,mexican
11626,greek
21027,indian
22079,italian
20527,chinese
27846,french
16236,chinese
46145,mexican
7761,thai
34212,spanish
17180,thai
4546,moroccan
44474,italian
37886,thai
17842,southern_us
27282,jamaican
979,southern_us
6895,french
4150,french
32995,mexican
8444,chinese
13686,mexican
8918,italian
17569,indian
19313,indian
23833,mexican
4623,italian
18164,french
45780,indian
17994,mexican
12268,indian
14368,thai
19242,indian
21658,indian
32160,french
20931,french
30800,french
33829,thai
29674,japanese
36367,chinese
40547,southern_us
39583,southern_us
18638,cajun_creole
10010,mexican
7084,italian
30421,russian
24243,southern_us
38417,italian
5183,mexican
4522,southern_us
29727,italian
47928,southern_us
11211,korean
10117,mexican
26611,mexican
21852,vietnamese
41769,greek
16342,mexican
13694,mexican
1173,thai
12257,filipino
27392,indian
20360,chinese
16090,chinese
31245,chinese
23411,mexican
46268,italian
45488,southern_us
39708,chinese
25281,thai
9057,mexican
24917,russian
49532,italian
5491,italian
33378,italian
23340,italian
13456,cajun_creole
31952,indian
39823,mexican
445,italian
28523,mexican
32201,spanish
5612,jamaican
44099,italian
7608,italian
30971,french
38223,mexican
43482,greek
36483,chinese
9875,southern_us
18378,chinese
9583,mexican
13947,thai
8681,italian
46374,indian
47034,cajun_creole
45643,cajun_creole
5551,southern_us
23694,french
32724,japanese
48999,southern_us
5952,greek
36593,mexican
48894,french
27066,mexican
9343,italian
35625,indian
22159,cajun_creole
39883,southern_us
20939,french
21471,french
2208,italian
38731,italian
10206,indian
425,cajun_creole
11081,indian
48333,vietnamese
46536,brazilian
25686,mexican
41323,british
30523,french
29731,italian
23018,cajun_creole
43425,thai
43325,mexican
24159,italian
2121,chinese
15876,cajun_creole
11191,indian
4338,mexican
4072,southern_us
29363,french
29278,indian
4276,italian
47413,french
16670,italian
31767,greek
37741,vietnamese
45568,greek
13871,southern_us
15015,indian
1536,thai
1466,thai
10405,mexican
15963,italian
45075,italian
2588,cajun_creole
17070,spanish
14012,thai
44422,mexican
14609,southern_us
46913,mexican
5710,british
16086,french
48335,southern_us
41667,italian
20551,italian
29812,irish
32212,chinese
18,italian
14823,japanese
30464,chinese
31748,greek
8081,mexican
2484,greek
41751,indian
25020,italian
6889,mexican
37348,russian
27337,french
21625,southern_us
43407,moroccan
737,greek
42668,southern_us
36758,thai
3528,cajun_creole
40542,chinese
8277,chinese
22826,italian
16937,italian
8216,italian
10738,brazilian
11932,mexican
21240,italian
14296,italian
24128,italian
44718,southern_us
40317,southern_us
22385,italian
16417,southern_us
19098,southern_us
36846,mexican
10401,chinese
10602,mexican
16051,french
25205,french
45464,italian
8956,italian
23386,italian
7691,french
21774,southern_us
49705,italian
34095,southern_us
40336,italian
44728,irish
10843,irish
21666,italian
44202,italian
17673,greek
34724,southern_us
32367,french
14479,japanese
46203,southern_us
7485,french
24792,japanese
37601,italian
11749,thai
40459,vietnamese
6034,italian
46184,southern_us
8659,chinese
28264,cajun_creole
40788,chinese
25901,mexican
6880,filipino
26443,mexican
27597,irish
4679,italian
27054,mexican
33316,italian
28346,southern_us
46206,indian
9856,mexican
36740,thai
38157,mexican
11701,japanese
43877,italian
21737,chinese
17489,jamaican
5182,italian
47765,mexican
36916,thai
21953,italian
44316,mexican
37928,vietnamese
23423,mexican
26636,italian
27428,italian
29136,italian
45677,chinese
35525,mexican
28707,mexican
4234,chinese
45606,mexican
6646,cajun_creole
1733,chinese
31169,italian
45279,indian
14269,southern_us
26266,chinese
15973,italian
15279,indian
33120,french
26073,indian
25767,french
12044,french
822,italian
13536,italian
1978,irish
3895,greek
8427,thai
16946,italian
9005,thai
42707,southern_us
17931,southern_us
2110,italian
21611,japanese
48079,cajun_creole
22441,british
43783,italian
49514,british
26278,indian
39096,indian
36782,french
31016,italian
41700,indian
8046,southern_us
14017,moroccan
48126,filipino
48972,italian
21200,indian
37825,italian
24835,mexican
38205,cajun_creole
48460,italian
29019,filipino
18799,russian
23742,mexican
30089,indian
1400,cajun_creole
7025,french
19873,chinese
29374,mexican
45577,italian
46375,southern_us
28377,vietnamese
39019,chinese
16754,mexican
28648,cajun_creole
32006,southern_us
49138,chinese
14159,southern_us
33747,italian
49510,mexican
2118,filipino
14463,thai
12299,indian
16115,french
30854,italian
41412,southern_us
36655,korean
31595,chinese
8225,italian
47650,southern_us
40681,mexican
43979,indian
7934,thai
45199,italian
6851,vietnamese
4006,french
610,vietnamese
18142,southern_us
34363,italian
30475,italian
35246,mexican
29020,southern_us
27993,southern_us
24921,southern_us
22164,italian
725,southern_us
34349,italian
48655,thai
46658,french
28212,southern_us
27714,korean
6049,italian
19836,indian
33934,italian
1338,indian
21498,russian
27005,italian
40168,korean
4877,french
15415,thai
5545,chinese
20433,thai
11634,russian
25492,indian
21017,mexican
22311,french
17808,moroccan
30869,french
11794,mexican
26414,italian
1450,thai
17605,indian
19789,chinese
25287,indian
526,british
6426,cajun_creole
838,thai
38921,japanese
43956,mexican
16406,korean
33285,french
45131,thai
44192,indian
36629,indian
23975,filipino
46511,italian
45907,mexican
22734,southern_us
43589,italian
30287,cajun_creole
23900,italian
11928,mexican
16529,spanish
25626,mexican
12962,mexican
19959,korean
18195,russian
37128,southern_us
25730,cajun_creole
40554,british
34484,cajun_creole
17596,thai
47805,french
8438,french
31594,french
2308,italian
40522,southern_us
42693,chinese
48848,indian
44560,cajun_creole
7700,southern_us
43908,cajun_creole
3930,southern_us
20940,italian
12360,italian
23094,russian
20327,greek
34630,indian
41264,mexican
25085,japanese
48479,irish
31715,mexican
29569,indian
39317,southern_us
15719,mexican
4162,mexican
15001,chinese
12123,indian
42748,indian
41905,british
4484,french
30867,british
17319,mexican
13081,mexican
11899,mexican
13374,mexican
27495,vietnamese
18138,italian
14851,indian
16111,french
23947,mexican
5970,chinese
16594,french
5820,british
28254,cajun_creole
10280,korean
45113,mexican
26103,mexican
14985,italian
35731,mexican
30031,southern_us
27627,spanish
43874,mexican
14497,spanish
45524,indian
42287,indian
5922,chinese
25698,french
19355,japanese
24250,chinese
11355,korean
40719,filipino
17155,italian
4387,mexican
21848,vietnamese
45934,mexican
14669,french
7153,russian
19848,mexican
7324,mexican
11419,french
42599,indian
30771,indian
28371,italian
33112,southern_us
49146,italian
40340,mexican
10502,french
47056,italian
41269,indian
3350,thai
23684,thai
20727,mexican
23099,italian
49125,italian
24362,indian
44077,indian
22428,brazilian
34271,mexican
24892,mexican
28073,french
37462,italian
12,french
49513,italian
43115,french
44461,southern_us
41691,mexican
24331,french
34010,french
33379,french
22653,italian
18136,cajun_creole
47396,brazilian
373,indian
28717,british
41036,indian
23119,italian
22546,italian
29176,indian
36192,russian
41978,italian
16397,indian
22951,french
35400,italian
18095,southern_us
12517,southern_us
37493,italian
3927,mexican
1147,italian
1370,french
18935,mexican
10993,thai
4693,mexican
10439,cajun_creole
17130,southern_us
1815,italian
871,mexican
18587,cajun_creole
34251,italian
12739,chinese
36588,italian
18833,chinese
47216,mexican
9988,mexican
31994,filipino
47730,thai
23665,russian
36099,southern_us
20308,italian
36430,british
19185,thai
12413,chinese
35605,chinese
20708,italian
19801,cajun_creole
32603,southern_us
22243,italian
7244,southern_us
37724,southern_us
22988,mexican
41278,cajun_creole
2244,mexican
5,mexican
32270,italian
7837,thai
28188,brazilian
41484,greek
4767,mexican
13508,mexican
6806,cajun_creole
26307,vietnamese
33387,italian
9764,french
4815,mexican
42662,mexican
41477,mexican
6417,mexican
22285,mexican
49476,italian
26084,korean
44742,french
19022,mexican
32578,italian
10514,italian
13815,spanish
19472,french
7373,indian
23280,french
11559,japanese
12765,japanese
40511,mexican
40858,cajun_creole
24236,southern_us
16187,chinese
42423,italian
32296,chinese
44908,mexican
2833,filipino
25142,southern_us
7268,italian
5582,southern_us
25289,mexican
2838,mexican
10185,indian
45665,greek
38764,mexican
33129,italian
18427,southern_us
15256,korean
6477,mexican
30986,mexican
25978,cajun_creole
5957,korean
40329,chinese
11071,italian
48793,chinese
5115,mexican
40723,mexican
41245,chinese
6240,mexican
4699,mexican
13769,spanish
33336,thai
4811,chinese
18127,mexican
42772,greek
45102,italian
26926,irish
47055,chinese
15650,italian
26966,greek
45230,british
44400,vietnamese
26203,indian
21311,mexican
11945,cajun_creole
25732,irish
39567,french
25575,chinese
7211,indian
13410,mexican
173,chinese
11563,chinese
38716,japanese
32625,italian
22638,vietnamese
23818,italian
8596,filipino
27471,indian
28233,british
47682,indian
20385,italian
12567,japanese
43903,mexican
4925,mexican
7818,mexican
35051,southern_us
4586,greek
20743,mexican
16369,chinese
13883,mexican
38849,thai
26017,italian
24719,italian
15767,cajun_creole
30007,british
34297,cajun_creole
30597,british
25578,mexican
41719,southern_us
23913,italian
11153,mexican
39196,indian
7338,mexican
21090,thai
25451,italian
5482,italian
23031,italian
15926,greek
28527,cajun_creole
40828,southern_us
42196,italian
39387,french
28870,thai
15503,italian
36678,italian
38576,italian
16192,chinese
25622,italian
12687,chinese
48280,spanish
47405,french
15140,southern_us
20579,brazilian
30880,french
39040,indian
17487,cajun_creole
3762,mexican
20910,mexican
19072,mexican
39412,french
28679,indian
7314,korean
34143,moroccan
5594,southern_us
24503,cajun_creole
28432,chinese
21054,russian
11965,french
30692,chinese
9901,french
37008,italian
25505,french
10740,southern_us
21791,vietnamese
5539,chinese
19680,italian
24129,vietnamese
8351,mexican
12701,italian
12042,chinese
26441,indian
21399,chinese
43615,spanish
12283,mexican
32715,southern_us
24499,british
9035,japanese
22563,southern_us
28467,southern_us
41765,southern_us
38064,chinese
31087,french
23005,mexican
25806,greek
37930,greek
10879,japanese
40080,southern_us
11216,greek
42099,french
27377,italian
4453,mexican
9001,southern_us
27383,greek
18472,southern_us
22313,british
31709,thai
38931,italian
5261,vietnamese
17530,chinese
19071,italian
42108,southern_us
7099,chinese
10678,mexican
226,spanish
16283,mexican
42538,italian
7991,chinese
6127,french
16011,indian
5664,vietnamese
19882,italian
48540,mexican
45897,indian
46935,spanish
738,british
25990,chinese
15397,french
17496,southern_us
29458,italian
31331,japanese
17562,italian
12661,southern_us
35726,indian
34728,chinese
32619,italian
14510,filipino
25391,mexican
34723,mexican
28055,italian
15498,thai
42070,vietnamese
26506,vietnamese
35888,indian
40255,filipino
2943,italian
48785,japanese
8979,spanish
27068,mexican
19842,brazilian
28677,chinese
27565,spanish
35410,southern_us
6149,french
45188,moroccan
33341,southern_us
15024,chinese
35126,indian
19020,mexican
9491,italian
40281,spanish
34120,thai
6504,chinese
8285,italian
21811,italian
24014,italian
5134,mexican
7360,moroccan
47692,italian
41845,greek
34326,italian
19249,southern_us
6843,french
15897,indian
17032,moroccan
16293,greek
9128,thai
40249,indian
33418,mexican
38161,chinese
24973,chinese
30725,spanish
46619,french
16252,mexican
4516,cajun_creole
3652,italian
7704,moroccan
18104,japanese
39865,mexican
22207,irish
29362,french
40422,british
5285,indian
36114,chinese
26586,french
49698,french
27718,french
36219,southern_us
30609,italian
44118,mexican
30917,italian
37880,indian
43301,mexican
21584,chinese
8328,southern_us
46508,mexican
31063,mexican
17264,mexican
586,mexican
19414,vietnamese
10375,spanish
29177,italian
949,french
28118,mexican
4160,italian
24882,italian
13571,mexican
11532,mexican
6928,italian
31998,italian
22741,vietnamese
13915,southern_us
48633,italian
1011,mexican
17649,russian
32786,indian
18615,italian
48257,italian
11599,mexican
43063,french
14526,chinese
37125,italian
8063,indian
32934,japanese
12139,mexican
33392,chinese
8538,italian
47527,cajun_creole
33955,thai
8088,mexican
33306,greek
22004,mexican
49699,mexican
45344,korean
8924,italian
8965,indian
37812,italian
26605,british
1499,southern_us
41392,japanese
2338,cajun_creole
48685,italian
39463,mexican
16150,filipino
42577,italian
761,french
43360,indian
47783,mexican
20532,indian
11963,italian
41456,cajun_creole
20446,southern_us
34645,british
4238,french
49502,southern_us
6451,chinese
18981,korean
35385,indian
2459,italian
32884,italian
4809,french
14992,moroccan
36732,japanese
33064,cajun_creole
16264,southern_us
46857,korean
7003,mexican
20492,cajun_creole
25654,mexican
10849,thai
29207,indian
27412,southern_us
47264,mexican
24155,chinese
49484,british
36541,italian
49339,mexican
25840,french
14136,filipino
45538,mexican
31716,mexican
35893,italian
20742,korean
1158,cajun_creole
7742,chinese
14846,mexican
27770,filipino
41274,japanese
43871,indian
24983,italian
37305,chinese
18545,greek
41013,italian
15782,cajun_creole
3892,spanish
16005,italian
38901,mexican
40350,mexican
40268,thai
11941,chinese
32193,italian
6438,italian
28612,french
34937,southern_us
18750,southern_us
44983,french
8662,french
10026,italian
784,british
28879,irish
5707,thai
45299,mexican
40004,italian
7800,mexican
20166,mexican
48006,italian
20841,french
23893,greek
20164,southern_us
45206,mexican
22864,mexican
46996,mexican
16927,british
678,greek
1317,mexican
43897,japanese
24269,mexican
11316,mexican
1902,chinese
46191,japanese
31549,thai
22391,mexican
19490,mexican
8356,mexican
45697,indian
47308,french
46898,mexican
14830,indian
3738,french
33149,french
36390,french
10543,italian
22597,indian
49045,mexican
26531,thai
38356,cajun_creole
31739,irish
28912,thai
42828,brazilian
3903,italian
44976,italian
28573,southern_us
44215,japanese
35636,indian
10709,mexican
44787,thai
3263,mexican
36111,cajun_creole
38476,southern_us
28105,cajun_creole
43568,cajun_creole
6441,mexican
45081,southern_us
8666,greek
35983,chinese
14186,southern_us
10143,spanish
2448,french
26012,thai
48776,cajun_creole
39833,italian
12533,southern_us
13637,french
5998,cajun_creole
28339,french
26881,southern_us
40945,southern_us
36422,chinese
40041,italian
38541,cajun_creole
35240,cajun_creole
44367,mexican
18043,italian
35014,indian
30069,italian
16713,mexican
12339,chinese
12234,greek
12453,cajun_creole
22609,chinese
44725,irish
29732,thai
44392,southern_us
23798,indian
24772,mexican
12345,italian
23309,korean
40450,moroccan
28710,italian
8336,indian
3554,korean
5668,southern_us
34033,southern_us
20513,mexican
1130,spanish
30203,mexican
46316,italian
29023,vietnamese
22289,thai
49330,italian
32512,moroccan
4554,indian
14947,italian
33667,mexican
49000,italian
31457,indian
46254,irish
37570,italian
5605,italian
24507,indian
30816,vietnamese
32852,mexican
13107,thai
20463,french
85,french
27025,mexican
40983,cajun_creole
20113,italian
44284,mexican
16999,southern_us
35662,korean
14382,italian
40297,japanese
32630,indian
7264,french
14867,spanish
18802,french
3985,indian
35155,french
17760,brazilian
14474,japanese
28666,southern_us
38277,mexican
7931,indian
49649,indian
8266,mexican
29725,mexican
20460,chinese
4097,italian
44710,spanish
6344,mexican
11194,indian
44716,french
34191,chinese
39699,indian
14929,italian
47451,italian
24368,mexican
884,mexican
5137,italian
38574,french
48792,italian
49132,chinese
5669,mexican
37952,chinese
49298,mexican
41405,greek
34909,french
10767,japanese
5721,italian
27292,indian
18692,chinese
27907,korean
45127,indian
33534,italian
26,cajun_creole
13068,thai
45579,mexican
28956,french
1201,indian
43090,mexican
30197,british
27762,italian
43057,italian
24887,french
43916,cajun_creole
544,japanese
10438,french
9331,indian
649,mexican
32577,moroccan
36873,italian
48446,thai
28909,mexican
1999,chinese
42137,indian
48503,vietnamese
49033,japanese
1053,italian
5535,southern_us
21864,italian
21042,french
3321,indian
16337,italian
22885,vietnamese
4020,cajun_creole
41425,indian
2830,indian
26570,indian
19943,british
17114,japanese
6009,russian
43791,italian
13681,mexican
11385,chinese
21875,chinese
32449,chinese
3924,jamaican
8799,french
1989,french
23288,british
23920,french
46349,mexican
44238,cajun_creole
31337,japanese
14492,chinese
18368,greek
13781,cajun_creole
42371,chinese
20640,chinese
48955,russian
46955,mexican
30032,british
3103,vietnamese
19597,thai
23435,southern_us
31446,japanese
33791,korean
23813,french
14538,greek
35181,italian
6246,japanese
40850,mexican
32080,italian
781,indian
7679,indian
44640,italian
17645,greek
12454,japanese
28430,southern_us
6876,spanish
48868,italian
43333,cajun_creole
9807,french
27843,thai
45089,southern_us
41811,chinese
28131,mexican
23394,vietnamese
29599,italian
40086,mexican
20013,italian
18134,filipino
48291,vietnamese
30903,indian
2777,greek
3630,french
37511,southern_us
26835,southern_us
7201,chinese
20442,italian
19136,cajun_creole
40878,mexican
1177,italian
43121,cajun_creole
11307,southern_us
37617,indian
25583,japanese
27863,indian
17830,indian
18267,chinese
29923,cajun_creole
27827,italian
4616,mexican
9979,indian
2878,french
40101,vietnamese
13411,indian
9683,italian
48733,southern_us
27233,indian
25926,filipino
22098,southern_us
16095,cajun_creole
15839,italian
10882,british
44004,southern_us
45224,chinese
40285,southern_us
20598,mexican
19307,mexican
14899,chinese
36512,russian
37453,french
4319,italian
28718,french
44611,cajun_creole
26031,british
36988,italian
24182,japanese
4727,italian
25982,southern_us
9544,italian
48030,chinese
47789,mexican
16245,french
12440,italian
32989,italian
10582,cajun_creole
23028,mexican
45653,italian
46888,irish
20392,southern_us
13453,chinese
1300,moroccan
29343,irish
27423,greek
46977,british
27479,korean
37899,italian
21177,italian
45590,italian
46775,southern_us
45416,indian
23039,indian
26308,italian
23306,cajun_creole
42367,japanese
41379,mexican
16715,french
33712,southern_us
24136,italian
26094,french
2212,filipino
19672,italian
42872,mexican
36661,indian
26319,greek
263,italian
13942,indian
43311,mexican
12743,southern_us
7519,mexican
35601,japanese
44197,italian
8617,british
6573,italian
13377,mexican
31725,chinese
13042,korean
2701,southern_us
38137,indian
11356,mexican
3202,southern_us
15530,greek
18012,italian
22683,mexican
37199,brazilian
5169,italian
43401,italian
7246,cajun_creole
36491,italian
40868,irish
8084,italian
45914,russian
32344,southern_us
27508,southern_us
27323,indian
29576,japanese
13998,mexican
28214,thai
2918,greek
19918,southern_us
44955,indian
7007,chinese
32164,russian
20929,chinese
10380,mexican
28015,indian
24501,filipino
37257,chinese
17772,mexican
7977,indian
24949,chinese
9467,italian
18520,indian
48539,mexican
11435,mexican
44041,italian
44022,mexican
19010,mexican
18395,mexican
35008,southern_us
45807,mexican
27065,vietnamese
460,thai
22725,southern_us
32575,cajun_creole
10099,southern_us
9431,cajun_creole
9493,mexican
30423,italian
11861,jamaican
22632,indian
32893,japanese
5868,cajun_creole
3938,mexican
17724,mexican
4075,southern_us
24174,mexican
34798,italian
9407,japanese
4008,mexican
6472,mexican
43384,french
47289,chinese
27905,southern_us
9628,indian
41613,korean
8128,indian
33224,thai
21571,italian
41246,vietnamese
48240,mexican
46816,italian
45778,spanish
13798,italian
31606,southern_us
43293,italian
27725,italian
7614,mexican
24798,italian
16256,mexican
10296,mexican
46895,southern_us
18706,italian
25895,chinese
42986,indian
42194,southern_us
44727,indian
2381,mexican
7850,moroccan
21066,southern_us
1427,vietnamese
30832,cajun_creole
44593,filipino
35604,italian
42802,italian
30307,indian
8893,italian
43086,irish
278,southern_us
48861,italian
9641,mexican
18801,french
13009,indian
42823,italian
3954,mexican
49035,southern_us
34278,thai
25941,filipino
38577,irish
37973,french
813,italian
29444,british
30058,french
34601,southern_us
42370,french
9228,greek
12638,southern_us
37549,french
19802,italian
30931,vietnamese
22179,chinese
44664,mexican
42631,indian
23407,chinese
30557,vietnamese
28888,italian
326,indian
47891,mexican
22600,vietnamese
24737,cajun_creole
11278,cajun_creole
42285,italian
18700,thai
11577,southern_us
5218,italian
13220,irish
16992,indian
22967,chinese
16610,vietnamese
46382,korean
28228,italian
18123,italian
25348,italian
48051,mexican
26379,thai
38821,mexican
44418,chinese
22932,mexican
17089,italian
17307,korean
8828,french
21515,spanish
41525,chinese
18627,italian
8423,russian
17848,italian
12762,southern_us
2524,mexican
15334,cajun_creole
3322,southern_us
5367,moroccan
5255,brazilian
9150,moroccan
22599,italian
7368,mexican
25212,filipino
29633,italian
26841,mexican
20127,french
4992,mexican
35021,italian
47863,thai
530,spanish
1974,moroccan
3006,chinese
23010,chinese
21593,greek
11204,italian
3363,italian
33675,mexican
38682,thai
46627,southern_us
12852,british
37503,french
20805,brazilian
18925,mexican
27954,french
20154,mexican
11714,italian
11134,mexican
29380,french
19736,indian
10476,indian
4136,indian
36681,southern_us
35006,southern_us
36876,moroccan
10774,filipino
27429,southern_us
9455,french
5774,mexican
48634,french
37245,moroccan
17279,korean
9366,italian
26166,italian
5247,spanish
41148,greek
19055,mexican
2229,french
27352,french
24718,french
17647,southern_us
21324,mexican
4946,korean
21404,british
6849,french
4572,french
48468,vietnamese
37152,spanish
825,thai
47537,vietnamese
5072,french
18872,thai
37657,spanish
39345,southern_us
9604,thai
5363,italian
12065,italian
12366,french
15642,thai
20213,indian
16381,jamaican
25412,mexican
34973,jamaican
13475,italian
24334,mexican
4428,mexican
7273,italian
35903,spanish
41592,italian
44689,french
42405,italian
6995,brazilian
2577,indian
48095,chinese
6623,southern_us
22733,japanese
36104,italian
23779,mexican
46697,indian
47965,southern_us
17225,british
37106,indian
12615,indian
36033,southern_us
45146,greek
45800,moroccan
30163,southern_us
12660,mexican
11490,southern_us
40192,chinese
21436,italian
48613,chinese
1628,mexican
19953,southern_us
44451,mexican
45922,mexican
4804,southern_us
1751,southern_us
26520,french
39367,southern_us
23616,korean
38862,russian
21414,southern_us
2452,greek
27591,spanish
14224,vietnamese
36691,moroccan
15391,french
11104,mexican
16206,italian
9156,french
16344,mexican
33295,chinese
47513,italian
5352,southern_us
28741,italian
6847,indian
36463,thai
14838,italian
37311,french
6347,thai
47812,french
34919,indian
14812,mexican
11772,mexican
44916,italian
2014,indian
13041,chinese
40815,italian
32713,italian
38272,mexican
30770,chinese
22254,italian
45828,mexican
49113,southern_us
37876,mexican
30219,french
3111,mexican
33267,italian
35742,french
15890,french
10968,mexican
45879,italian
18676,italian
29425,italian
27055,italian
19485,french
47644,southern_us
1988,mexican
21210,french
3792,southern_us
9071,thai
25703,mexican
25404,cajun_creole
5791,french
35221,italian
33813,indian
21441,thai
10503,cajun_creole
17270,korean
17560,british
25735,indian
34818,indian
2970,moroccan
39582,brazilian
22358,mexican
2864,indian
15823,indian
31475,indian
30636,chinese
28962,japanese
45813,indian
4000,southern_us
35530,chinese
974,italian
12382,cajun_creole
7347,italian
26496,italian
33767,mexican
48412,japanese
40496,mexican
37961,chinese
6571,chinese
49304,mexican
34097,southern_us
10646,mexican
44083,chinese
48463,italian
1063,indian
30583,chinese
26237,italian
8680,irish
32752,italian
23273,mexican
5717,filipino
2579,indian
45463,italian
38241,mexican
30514,mexican
13101,italian
19210,cajun_creole
26502,cajun_creole
46982,british
21905,mexican
46699,cajun_creole
15406,indian
45763,mexican
721,southern_us
32708,southern_us
38004,mexican
17682,mexican
46596,chinese
48682,greek
31605,mexican
38031,cajun_creole
18179,french
48663,cajun_creole
36353,italian
4550,french
35488,southern_us
33342,mexican
25731,southern_us
48838,indian
39653,vietnamese
33286,thai
21344,italian
37156,french
20611,indian
8869,mexican
44038,italian
42754,southern_us
23823,russian
13596,french
45059,italian
46483,italian
253,japanese
4053,french
8559,greek
7844,italian
9188,cajun_creole
32548,chinese
26083,russian
20244,brazilian
37673,mexican
668,jamaican
29434,french
16805,brazilian
45658,mexican
47594,italian
7452,russian
22645,spanish
42522,mexican
23363,mexican
35610,french
37631,jamaican
8879,indian
38337,french
19826,indian
8844,irish
6484,japanese
45118,southern_us
22731,indian
20793,chinese
16487,thai
24490,chinese
15889,mexican
22935,italian
3143,mexican
48510,mexican
35910,italian
17474,indian
32396,mexican
24714,french
36160,brazilian
20077,italian
28828,filipino
42205,chinese
36725,mexican
10316,southern_us
33623,italian
39291,mexican
49350,greek
14699,chinese
21702,italian
41906,mexican
4489,italian
24409,greek
29332,indian
8337,greek
918,chinese
12435,southern_us
48231,italian
28383,jamaican
4545,mexican
13102,italian
33947,mexican
24615,italian
49589,japanese
41481,italian
38905,mexican
19812,italian
6160,italian
38993,french
34354,mexican
31246,french
35369,japanese
21637,southern_us
49617,greek
23003,italian
40683,southern_us
17920,chinese
18021,vietnamese
46780,korean
1684,italian
1953,cajun_creole
15537,chinese
2489,mexican
34708,thai
47554,brazilian
30298,mexican
23459,brazilian
2593,cajun_creole
7216,southern_us
35883,mexican
27039,vietnamese
47957,mexican
7815,mexican
5270,italian
10768,mexican
29740,indian
3068,cajun_creole
29535,mexican
7182,mexican
7796,southern_us
41409,southern_us
39671,southern_us
28559,italian
32146,japanese
23439,italian
31391,italian
42855,thai
11813,mexican
48272,southern_us
12263,chinese
2787,spanish
16385,french
42523,mexican
26150,southern_us
17544,italian
29802,southern_us
4294,southern_us
12696,southern_us
9075,cajun_creole
20159,irish
31282,british
13057,southern_us
26814,vietnamese
23909,filipino
27882,mexican
43452,moroccan
40246,mexican
8493,thai
13302,indian
25606,mexican
14808,korean
40265,italian
13155,thai
28097,southern_us
32076,moroccan
36969,vietnamese
13698,greek
38513,southern_us
15605,cajun_creole
47688,greek
22326,italian
43488,italian
10245,mexican
16145,thai
9985,mexican
37746,spanish
41400,southern_us
26614,indian
5327,chinese
13015,moroccan
13811,southern_us
10180,mexican
8164,italian
47951,brazilian
42025,cajun_creole
10865,french
16815,mexican
1025,thai
42784,mexican
18319,irish
34353,italian
44922,mexican
16240,italian
29745,italian
2336,mexican
17294,korean
1449,italian
30410,italian
43341,mexican
39594,southern_us
8543,italian
27176,southern_us
36562,mexican
23285,italian
26787,mexican
6506,french
8552,greek
46196,italian
22828,cajun_creole
43621,british
47602,italian
14329,russian
2924,mexican
5741,mexican
10485,russian
12878,french
21771,mexican
21059,italian
4148,southern_us
21537,southern_us
45452,japanese
15489,southern_us
46585,french
18791,southern_us
40072,french
17587,indian
7758,chinese
2853,southern_us
18218,indian
21720,indian
20872,mexican
22022,moroccan
17887,french
11422,vietnamese
28294,italian
17435,greek
43716,spanish
40489,japanese
32770,thai
16078,mexican
46460,southern_us
12472,chinese
14100,korean
14120,thai
40951,filipino
30897,italian
16708,mexican
13341,indian
49029,italian
14064,chinese
1668,indian
28769,southern_us
7239,mexican
25963,chinese
34427,southern_us
6520,french
10300,southern_us
1232,moroccan
42870,korean
33802,southern_us
46501,cajun_creole
32949,greek
4085,moroccan
30682,southern_us
47315,italian
28249,southern_us
1084,italian
25559,british
30714,cajun_creole
13272,southern_us
6781,indian
43462,moroccan
8440,italian
23799,thai
42977,italian
20214,korean
19527,southern_us
27604,italian
15134,mexican
21241,indian
3240,french
19794,southern_us
37385,chinese
5783,italian
30232,greek
26019,southern_us
48921,mexican
20762,french
30226,chinese
4783,italian
45445,italian
35042,mexican
33632,italian
38332,italian
32651,korean
19338,chinese
28320,mexican
1488,chinese
33940,mexican
2539,italian
29026,italian
25889,mexican
23589,filipino
12933,indian
29127,british
3207,indian
45732,chinese
47696,greek
30481,french
45419,thai
11406,mexican
42319,french
35370,moroccan
42436,chinese
27895,italian
1645,chinese
8787,indian
7461,vietnamese
29368,southern_us
29881,chinese
32040,italian
7843,mexican
6254,vietnamese
7747,british
36361,greek
31378,cajun_creole
27634,mexican
48903,mexican
46841,korean
47660,cajun_creole
37772,french
18485,southern_us
36815,mexican
45159,french
30140,southern_us
5126,greek
15363,japanese
169,indian
14652,southern_us
42988,mexican
26067,mexican
22917,southern_us
18652,italian
42035,korean
39445,southern_us
41203,italian
27623,italian
142,mexican
27341,vietnamese
41923,mexican
49169,italian
16288,southern_us
9043,italian
49711,british
21753,mexican
40211,mexican
48168,irish
29426,mexican
45945,italian
33165,french
40521,japanese
21437,greek
47064,chinese
47807,french
32414,french
11265,italian
27139,southern_us
39830,mexican
36628,moroccan
42118,chinese
5928,southern_us
37463,filipino
36066,greek
16508,mexican
11464,mexican
17321,mexican
5914,chinese
19438,mexican
47580,italian
29886,cajun_creole
35229,mexican
39538,italian
10650,italian
48346,korean
44205,french
877,indian
40408,italian
4172,chinese
1663,cajun_creole
29813,french
3292,italian
6288,french
37606,italian
26786,japanese
2040,chinese
38025,southern_us
10171,southern_us
24997,french
21397,italian
1217,italian
38381,mexican
1409,italian
15901,cajun_creole
42619,mexican
38670,italian
13511,irish
45294,moroccan
41236,mexican
33370,japanese
9032,italian
26182,mexican
21629,chinese
19518,mexican
11588,vietnamese
3716,indian
47711,korean
47286,spanish
28877,chinese
40039,japanese
9224,chinese
24373,greek
45305,mexican
30758,southern_us
48652,italian
24586,southern_us
26338,southern_us
1670,italian
37582,italian
48132,italian
46066,italian
34164,russian
66,mexican
11006,thai
28726,filipino
13320,mexican
6574,japanese
21779,korean
42114,italian
12197,italian
35257,italian
37169,italian
42169,korean
16124,mexican
6352,french
47452,southern_us
7839,southern_us
5569,cajun_creole
30849,thai
25544,southern_us
4887,italian
11538,thai
35958,french
31577,cajun_creole
12233,indian
43454,cajun_creole
26373,mexican
43145,italian
5308,italian
23614,chinese
36948,chinese
12315,japanese
30020,moroccan
19231,mexican
38534,greek
45750,french
48778,italian
20026,mexican
22978,italian
26662,spanish
46218,southern_us
39341,southern_us
38395,greek
18871,southern_us
12468,japanese
13360,chinese
22233,british
30352,italian
13345,italian
6330,indian
12867,italian
35225,mexican
33826,thai
36993,mexican
44847,chinese
10197,french
28737,chinese
25095,indian
14063,italian
811,cajun_creole
20335,cajun_creole
30826,thai
4452,mexican
30862,italian
10282,mexican
47567,indian
16553,italian
5045,italian
47528,mexican
3979,jamaican
17254,italian
6293,french
42706,chinese
47432,indian
45496,mexican
25936,spanish
46258,spanish
36625,french
4642,italian
35698,southern_us
19996,chinese
10388,japanese
36298,british
43253,mexican
1089,moroccan
47,indian
257,italian
16979,vietnamese
31697,indian
49012,cajun_creole
7592,mexican
44884,italian
41859,italian
9969,italian
45041,indian
48098,italian
27238,french
4466,italian
11350,italian
30506,southern_us
439,filipino
4342,chinese
47474,french
25254,thai
18255,french
9547,chinese
3889,southern_us
26976,spanish
19218,indian
31837,italian
27254,moroccan
26282,moroccan
5443,chinese
11516,vietnamese
23265,southern_us
49204,moroccan
14502,mexican
22711,filipino
27402,italian
4743,southern_us
13632,italian
46530,italian
12173,southern_us
44493,chinese
14241,thai
3151,chinese
17375,italian
26969,korean
42219,italian
49466,indian
7994,southern_us
16972,indian
44688,southern_us
25657,french
40806,mexican
10201,southern_us
47124,italian
24523,southern_us
34597,thai
32015,southern_us
46696,japanese
49239,mexican
28501,italian
37207,southern_us
38224,cajun_creole
18565,southern_us
46164,jamaican
4052,italian
28544,greek
10961,japanese
15916,greek
36744,italian
41984,italian
48278,brazilian
25010,mexican
21242,chinese
30310,cajun_creole
23801,brazilian
29614,mexican
34667,southern_us
48159,mexican
20747,french
44625,italian
7173,cajun_creole
16676,moroccan
3667,mexican
36594,indian
26511,italian
19351,french
48982,southern_us
27934,irish
22595,mexican
7256,southern_us
4306,cajun_creole
41919,italian
23236,mexican
7329,thai
38382,thai
42257,chinese
17600,mexican
40730,cajun_creole
1192,southern_us
37189,vietnamese
2913,southern_us
7118,italian
42223,mexican
25690,thai
8267,italian
35989,indian
774,french
23158,thai
12071,southern_us
26537,italian
49537,indian
19990,french
27876,thai
20823,thai
31393,southern_us
23239,mexican
21141,italian
43585,southern_us
30493,chinese
42985,italian
31089,korean
46974,mexican
40018,chinese
28153,french
10967,korean
14240,french
24871,cajun_creole
16258,italian
28001,british
49299,southern_us
47808,southern_us
37960,italian
34733,vietnamese
48741,southern_us
10230,southern_us
46275,italian
17152,french
36201,french
16907,southern_us
3244,italian
11434,southern_us
22402,brazilian
26624,mexican
21558,southern_us
4847,italian
17174,french
21995,italian
27335,vietnamese
14696,mexican
48923,chinese
32508,mexican
36585,italian
15904,jamaican
19319,southern_us
17017,italian
35561,chinese
45518,italian
6489,chinese
14423,chinese
26068,mexican
32687,french
18684,italian
25918,irish
35353,brazilian
37689,thai
32830,french
6984,southern_us
29526,southern_us
42546,japanese
30742,indian
38469,italian
6678,italian
17413,mexican
20110,mexican
43229,cajun_creole
27133,filipino
48411,chinese
11098,filipino
18024,mexican
22540,italian
1013,mexican
35057,french
20177,chinese
26323,thai
4227,italian
34461,thai
4540,greek
36457,korean
37262,spanish
16041,italian
25790,french
26546,cajun_creole
5295,indian
26689,chinese
11129,italian
42373,french
15183,italian
20054,mexican
22088,italian
26034,cajun_creole
7442,moroccan
39855,vietnamese
16795,indian
45938,mexican
21187,french
24985,mexican
19293,southern_us
35190,greek
48511,indian
24429,indian
16069,mexican
46173,indian
33861,chinese
17499,italian
29095,cajun_creole
27355,spanish
23,spanish
14299,southern_us
15939,korean
26371,southern_us
1544,indian
15996,cajun_creole
28808,french
28521,chinese
22276,italian
45421,indian
1388,southern_us
16838,vietnamese
4167,thai
19525,indian
9051,indian
13537,indian
34265,southern_us
28948,southern_us
11263,thai
42791,chinese
37584,korean
49538,southern_us
20135,french
46558,jamaican
9349,japanese
10859,italian
9623,vietnamese
3610,southern_us
29537,chinese
35360,jamaican
22957,southern_us
39629,chinese
15631,italian
24105,mexican
15747,southern_us
48668,mexican
46662,italian
38318,cajun_creole
48588,irish
44549,italian
37552,korean
19931,jamaican
23871,korean
23762,southern_us
25303,moroccan
11340,mexican
13980,greek
7656,mexican
47486,indian
22621,mexican
9479,cajun_creole
13281,mexican
22624,southern_us
27542,mexican
5778,southern_us
48800,southern_us
744,french
27747,italian
15511,korean
39843,italian
40129,filipino
2236,italian
42882,jamaican
2860,moroccan
12167,vietnamese
44860,french
38237,southern_us
27239,southern_us
20091,french
24091,moroccan
13303,russian
17,italian
16887,italian
31862,vietnamese
14437,southern_us
35092,italian
47641,cajun_creole
10067,southern_us
15037,chinese
20058,italian
16841,moroccan
35002,mexican
17689,japanese
13224,mexican
18356,cajun_creole
10950,italian
37642,mexican
1801,mexican
36059,mexican
5105,italian
18460,russian
26501,chinese
31066,mexican
15589,indian
5933,mexican
31444,thai
42571,italian
10448,italian
11830,italian
7223,chinese
46537,jamaican
27269,mexican
44139,brazilian
11162,southern_us
38781,thai
25429,french
3987,filipino
3063,mexican
392,spanish
656,mexican
28508,southern_us
42332,british
41775,mexican
14167,spanish
1555,italian
24872,mexican
40323,italian
28209,korean
8772,italian
33557,southern_us
15016,french
14866,brazilian
1638,italian
37006,vietnamese
29914,southern_us
797,thai
4209,southern_us
34027,vietnamese
15378,mexican
25802,chinese
21683,cajun_creole
30958,italian
5558,french
29792,thai
35869,thai
24364,mexican
35401,italian
1820,italian
22651,italian
39614,italian
41834,mexican
21043,southern_us
14615,mexican
47588,italian
38983,mexican
31441,french
33455,chinese
25078,italian
14162,french
14603,french
40713,french
43872,irish
29222,southern_us
37701,cajun_creole
33720,thai
43660,spanish
44613,british
12178,mexican
45641,italian
42803,italian
47145,french
21925,irish
17233,southern_us
28029,southern_us
2601,filipino
45781,southern_us
37326,italian
46034,greek
12813,japanese
29934,spanish
29247,italian
48076,chinese
11352,brazilian
42956,chinese
32918,french
607,italian
7801,italian
45246,southern_us
31901,chinese
20449,mexican
19367,brazilian
41457,chinese
12159,moroccan
48164,italian
48884,mexican
33137,thai
23778,southern_us
17154,japanese
49078,cajun_creole
11125,italian
4280,mexican
33377,vietnamese
15884,mexican
44340,cajun_creole
25351,french
23271,french
36191,mexican
48074,southern_us
47618,mexican
20153,italian
40548,indian
22858,mexican
6224,greek
31972,italian
4190,mexican
22066,british
45809,mexican
16888,cajun_creole
41177,french
2585,italian
34835,southern_us
27465,british
32614,italian
23845,japanese
8345,french
15313,indian
36741,southern_us
6845,filipino
24184,italian
10632,mexican
46732,italian
7328,mexican
37610,mexican
39472,southern_us
26291,southern_us
30621,italian
5188,southern_us
29760,mexican
45337,russian
31663,french
3965,jamaican
19981,greek
23268,southern_us
39421,thai
19286,southern_us
33493,chinese
18035,italian
19669,chinese
6073,russian
10457,british
24605,chinese
37873,mexican
3753,southern_us
8218,southern_us
28513,italian
40161,mexican
35777,french
38159,chinese
20380,italian
20309,french
22178,french
44534,southern_us
36812,italian
771,italian
14453,southern_us
37861,italian
40670,chinese
33687,spanish
11720,chinese
41612,brazilian
27089,filipino
18732,italian
46522,italian
44217,chinese
10202,italian
40090,mexican
9314,mexican
38428,russian
25439,cajun_creole
39775,indian
13463,chinese
21501,mexican
47894,thai
6270,chinese
37860,korean
21988,jamaican
7205,spanish
12797,indian
45258,indian
30940,mexican
9264,italian
14576,indian
28890,indian
20128,italian
7330,mexican
20464,chinese
19619,mexican
37972,japanese
41015,italian
47310,italian
27652,mexican
42503,mexican
19581,italian
20539,italian
13159,vietnamese
45674,italian
25381,chinese
17734,mexican
15502,italian
1949,mexican
7784,chinese
23870,southern_us
42,moroccan
34881,irish
2680,irish
10299,french
3737,italian
42343,korean
21785,italian
8581,italian
42710,indian
16804,italian
37626,greek
48805,chinese
2746,mexican
24899,vietnamese
25649,mexican
6723,indian
34402,thai
3080,thai
26264,southern_us
37408,southern_us
117,italian
34481,italian
43553,greek
39747,british
30499,italian
19980,japanese
32277,southern_us
36165,chinese
2649,french
17428,mexican
31069,italian
26188,japanese
8944,mexican
2473,mexican
14931,indian
21552,italian
13444,french
46119,japanese
37942,italian
32162,southern_us
36605,indian
48647,southern_us
12709,indian
1405,moroccan
34269,southern_us
31633,greek
29169,mexican
10732,mexican
40433,mexican
30014,chinese
48847,mexican
26587,filipino
36983,french
34931,mexican
4244,mexican
16864,southern_us
17047,indian
34698,mexican
44532,cajun_creole
23604,french
27463,indian
34501,italian
13649,russian
988,italian
27926,french
40240,cajun_creole
18053,french
22028,italian
39276,spanish
39745,italian
30015,french
22494,moroccan
12204,thai
43428,french
45026,vietnamese
28904,southern_us
25853,greek
25684,southern_us
31720,french
9748,filipino
34476,chinese
32266,italian
46371,mexican
27590,mexican
38339,japanese
18848,spanish
14586,thai
32960,italian
16071,italian
4465,russian
11751,italian
17484,mexican
12431,mexican
14316,italian
350,italian
8350,southern_us
8150,cajun_creole
12811,southern_us
29552,mexican
15059,chinese
30181,vietnamese
5940,southern_us
3558,southern_us
1301,italian
36040,italian
17620,italian
34863,italian
22221,brazilian
43531,chinese
29487,italian
38609,chinese
35173,italian
21574,italian
17311,indian
24821,vietnamese
9045,indian
41741,japanese
37423,italian
32994,southern_us
1745,filipino
48841,mexican
44365,irish
48137,mexican
32281,mexican
28754,japanese
8846,moroccan
9325,spanish
23826,italian
3729,italian
32854,southern_us
24634,mexican
35683,irish
41237,mexican
14264,greek
14540,italian
34479,thai
43676,cajun_creole
4334,filipino
45219,southern_us
38586,italian
18898,brazilian
9186,french
23776,indian
12057,italian
7286,indian
17178,mexican
29828,indian
39864,spanish
45033,italian
5234,french
5148,filipino
17511,french
11619,italian
18537,mexican
8098,japanese
665,jamaican
3284,italian
33577,southern_us
582,italian
23054,jamaican
1107,italian
44356,southern_us
11102,french
10639,southern_us
32597,italian
3225,chinese
10069,indian
1725,indian
22430,southern_us
11695,thai
1996,italian
4363,irish
22108,italian
24945,chinese
18023,french
38926,greek
47046,italian
10334,british
47439,japanese
6390,southern_us
25613,southern_us
941,mexican
23577,mexican
37256,indian
23274,indian
5266,italian
15242,southern_us
10095,brazilian
6494,chinese
18939,greek
9909,mexican
37592,french
45816,french
5794,indian
48883,greek
22861,indian
30746,brazilian
43915,french
15762,french
2193,irish
22184,filipino
18771,italian
39251,indian
33808,british
31324,cajun_creole
23025,filipino
6685,italian
8806,italian
45128,indian
47906,indian
16457,chinese
41292,greek
11479,southern_us
31614,italian
12477,italian
23867,indian
5114,mexican
48589,chinese
20323,indian
24453,indian
10894,italian
22331,italian
39611,french
43758,spanish
3677,thai
9868,italian
7365,italian
36795,french
47681,southern_us
9738,italian
1975,french
21202,italian
7444,mexican
35829,british
4093,mexican
14822,southern_us
21688,british
38816,spanish
27283,chinese
7176,italian
24786,mexican
34405,italian
635,jamaican
7364,italian
23908,chinese
35214,chinese
49205,mexican
18914,cajun_creole
15346,southern_us
23098,cajun_creole
46704,southern_us
11788,italian
41012,mexican
34837,southern_us
5497,korean
13835,italian
39134,southern_us
42029,southern_us
12570,italian
27268,italian
23854,french
45995,chinese
4377,korean
18561,vietnamese
11215,chinese
45362,thai
24466,greek
36425,southern_us
48902,cajun_creole
11196,indian
6030,mexican
37762,italian
29460,italian
45798,mexican
31388,thai
37731,italian
18867,chinese
9122,french
17542,mexican
22349,italian
44970,french
35984,indian
30711,mexican
30977,italian
12105,chinese
22538,italian
31376,italian
7125,italian
16878,indian
26002,italian
35469,mexican
20587,mexican
41172,indian
46381,mexican
22031,british
45673,filipino
6003,southern_us
9798,southern_us
19125,vietnamese
1932,spanish
9091,french
42088,mexican
22797,italian
30950,italian
31545,greek
31409,italian
32783,southern_us
3096,italian
40650,vietnamese
3133,cajun_creole
12746,cajun_creole
26859,italian
7415,italian
25636,mexican
45735,greek
2629,mexican
18969,italian
24320,thai
43959,italian
20094,italian
47316,japanese
30590,italian
4974,southern_us
26792,mexican
27920,southern_us
30368,french
37035,french
49117,mexican
12891,italian
7148,vietnamese
22433,chinese
14863,italian
15255,indian
18172,mexican
34497,italian
16484,japanese
23341,indian
30034,chinese
11474,southern_us
28817,cajun_creole
32402,irish
2511,korean
12043,mexican
33713,italian
19924,mexican
768,chinese
38569,mexican
19134,french
29710,italian
5489,chinese
1535,mexican
11779,spanish
42927,chinese
19975,brazilian
44318,southern_us
5063,southern_us
20722,cajun_creole
7340,russian
38333,irish
18475,southern_us
28125,japanese
7617,mexican
9674,southern_us
41087,mexican
15430,jamaican
38896,indian
42133,french
19220,thai
1576,french
4293,mexican
8292,italian
9704,italian
2675,mexican
1664,french
4488,greek
46837,moroccan
42167,japanese
46449,filipino
26984,southern_us
26665,southern_us
40053,indian
10691,indian
47916,italian
10955,greek
13514,southern_us
22487,italian
34831,brazilian
23650,french
34852,italian
28749,italian
5536,italian
30894,mexican
2366,southern_us
17105,cajun_creole
15327,chinese
41887,greek
5920,irish
32376,southern_us
27864,italian
10361,mexican
20878,greek
25461,southern_us
14051,indian
44849,southern_us
1541,mexican
908,indian
12059,mexican
19464,thai
6120,mexican
34498,mexican
16666,irish
19118,mexican
1484,mexican
47998,italian
30282,japanese
28974,southern_us
16893,italian
49223,indian
35482,italian
29500,indian
26270,japanese
21551,southern_us
18571,italian
4144,indian
8436,italian
24343,chinese
5706,indian
34003,thai
31332,french
30861,italian
25779,filipino
5531,chinese
9085,jamaican
14711,indian
31632,italian
38002,mexican
4562,brazilian
26604,british
21800,southern_us
25844,southern_us
6113,thai
48105,mexican
26886,italian
30639,spanish
41040,chinese
35359,italian
40971,italian
26403,indian
45138,korean
27629,italian
16379,italian
39698,mexican
43697,british
12935,jamaican
30260,french
27705,italian
30896,southern_us
33072,italian
18562,french
27340,italian
39247,japanese
35549,mexican
17226,mexican
42827,italian
48490,indian
38311,thai
17539,russian
10841,italian
13689,mexican
5138,thai
18428,greek
47495,italian
3844,italian
41911,french
28558,thai
37652,chinese
43320,italian
3265,greek
30471,mexican
37488,mexican
46154,southern_us
17884,southern_us
41232,mexican
18734,mexican
13743,italian
36343,indian
7030,filipino
24613,indian
38710,indian
12280,indian
29996,italian
27749,chinese
8235,mexican
2938,cajun_creole
47824,greek
21818,japanese
10005,chinese
27040,italian
48042,mexican
18261,italian
44149,mexican
17768,french
17698,thai
1200,southern_us
17410,mexican
12595,southern_us
48891,southern_us
17784,italian
11882,french
38280,indian
480,chinese
26355,indian
45386,mexican
42955,french
31678,chinese
4506,russian
44155,chinese
11633,italian
21253,mexican
46025,italian
10314,british
46874,chinese
38432,italian
48935,italian
2490,italian
8591,mexican
26318,chinese
37469,italian
4102,italian
15647,italian
9121,indian
7929,italian
38228,cajun_creole
14957,italian
18414,filipino
5231,southern_us
33604,southern_us
12735,vietnamese
19523,chinese
7853,italian
33163,chinese
5630,cajun_creole
35049,greek
7965,mexican
39821,indian
27157,southern_us
28318,irish
11275,french
4034,indian
37380,southern_us
3470,thai
701,southern_us
37996,filipino
10483,southern_us
18610,chinese
42759,italian
11426,mexican
44136,mexican
24261,chinese
8985,italian
28040,mexican
31071,mexican
6453,mexican
48762,spanish
36159,moroccan
21417,japanese
26451,greek
19979,french
44803,greek
35560,chinese
39937,filipino
6593,vietnamese
31735,mexican
13153,japanese
1411,brazilian
31664,italian
32101,mexican
33367,mexican
46628,moroccan
32747,italian
2377,mexican
14640,french
48493,mexican
6752,korean
17519,japanese
45167,greek
5975,cajun_creole
28189,greek
37891,cajun_creole
31530,cajun_creole
22880,mexican
41020,mexican
32047,italian
30877,southern_us
6700,mexican
34641,vietnamese
25706,italian
35164,mexican
10066,mexican
11681,italian
40920,southern_us
43481,russian
33705,mexican
46679,british
17635,french
6235,mexican
49572,indian
14373,southern_us
25511,greek
47652,mexican
24214,filipino
40625,vietnamese
20447,italian
13533,italian
10195,cajun_creole
27795,greek
23014,chinese
7561,mexican
23812,chinese
24952,italian
41557,italian
15847,southern_us
20202,italian
16301,chinese
27106,spanish
5037,british
15253,southern_us
22270,filipino
39918,southern_us
11398,mexican
44174,mexican
8231,italian
34639,brazilian
33855,southern_us
14041,italian
37934,italian
6104,indian
27251,british
47206,mexican
46137,mexican
31102,british
33073,indian
4661,chinese
25610,italian
31029,italian
23440,mexican
42385,indian
45895,italian
34229,filipino
31486,japanese
47198,italian
23006,italian
14166,filipino
12425,mexican
46583,italian
20880,french
13762,southern_us
47701,cajun_creole
26679,italian
7296,mexican
8520,italian
34428,british
40138,greek
1967,thai
12854,mexican
12646,french
40178,french
16990,italian
172,irish
28381,korean
41826,southern_us
36860,mexican
20795,mexican
6626,french
20589,japanese
4024,italian
34359,mexican
29651,italian
49442,italian
5049,italian
1337,southern_us
29433,italian
10717,southern_us
15957,korean
20499,spanish
38018,italian
18150,french
46524,mexican
40473,brazilian
21554,indian
42695,greek
48951,mexican
46544,italian
8376,southern_us
33109,filipino
41448,italian
11784,jamaican
36889,italian
47140,mexican
16207,mexican
4708,italian
9630,french
43778,italian
5540,french
33015,mexican
32258,italian
49287,indian
36720,indian
14956,italian
36140,southern_us
31818,moroccan
15827,greek
16331,italian
39064,moroccan
17103,indian
42799,french
46829,mexican
39560,french
19496,italian
23809,italian
4056,mexican
1214,british
27520,italian
28815,mexican
38950,italian
9720,italian
16896,cajun_creole
23108,mexican
44539,greek
45542,russian
10080,spanish
10467,indian
29668,italian
6948,british
18308,chinese
41138,indian
35252,mexican
45559,mexican
45169,chinese
22539,italian
14601,french
46738,southern_us
36644,mexican
18064,french
12989,indian
29125,filipino
10810,french
39796,mexican
30688,moroccan
25386,chinese
5550,indian
26998,mexican
30398,brazilian
40333,mexican
24265,italian
18953,southern_us
24287,italian
36631,brazilian
33500,spanish
9719,indian
18589,italian
25430,spanish
48525,mexican
4337,italian
30578,southern_us
18333,southern_us
7556,southern_us
13108,french
30208,chinese
23114,mexican
46118,italian
37800,irish
3390,greek
7445,japanese
34030,brazilian
40358,chinese
40028,italian
45708,italian
7393,vietnamese
3619,irish
29848,indian
25705,mexican
25919,french
4874,italian
47709,mexican
30281,mexican
16044,southern_us
1353,chinese
1339,indian
48060,southern_us
12829,cajun_creole
24191,japanese
3859,italian
10744,southern_us
45958,italian
9028,spanish
45733,southern_us
21752,japanese
21085,moroccan
45884,cajun_creole
22860,vietnamese
39506,italian
25569,chinese
36896,chinese
33018,filipino
15341,indian
18983,italian
5885,chinese
18704,italian
31610,mexican
3401,moroccan
35168,mexican
29209,mexican
36347,filipino
1785,thai
38673,italian
49486,chinese
13583,mexican
33926,indian
40470,mexican
26337,japanese
6731,italian
44459,japanese
22824,japanese
29264,italian
25558,chinese
23080,jamaican
14670,italian
27553,french
17525,mexican
6077,spanish
24098,spanish
2510,italian
26921,british
23088,mexican
31468,italian
32381,chinese
44835,british
32368,chinese
27208,southern_us
14242,mexican
19659,chinese
43094,cajun_creole
15760,italian
11814,moroccan
15262,mexican
21825,italian
39447,italian
18247,mexican
32682,french
37504,irish
20319,british
32522,french
44455,greek
49148,italian
2114,greek
31361,southern_us
28348,spanish
22226,indian
33911,mexican
16916,southern_us
35988,italian
43563,italian
35964,southern_us
26651,mexican
15924,chinese
48851,thai
23692,southern_us
44971,mexican
31673,italian
11741,cajun_creole
1087,mexican
36591,mexican
24651,chinese
16791,southern_us
28578,greek
4537,indian
24876,greek
31584,italian
39456,chinese
39474,italian
11103,indian
17650,southern_us
40495,indian
3434,mexican
10911,mexican
35249,thai
8344,filipino
47259,indian
42808,indian
39649,moroccan
316,italian
43351,french
32617,indian
27624,thai
8796,russian
43592,mexican
45582,french
31146,italian
22025,greek
33118,chinese
7641,french
48678,mexican
36267,southern_us
29542,cajun_creole
15157,indian
14285,italian
40043,italian
3532,italian
16823,vietnamese
4961,italian
27022,mexican
41659,thai
31690,indian
41702,thai
13661,italian
8855,southern_us
30533,spanish
30909,italian
47943,indian
45916,french
33460,italian
35100,thai
31513,italian
15005,italian
21308,indian
14321,mexican
719,irish
45509,indian
10308,french
2071,moroccan
853,italian
30255,italian
47546,italian
13974,spanish
11583,italian
36373,thai
45398,italian
36622,southern_us
46510,italian
15712,mexican
36418,korean
38314,thai
27960,italian
14656,indian
3838,cajun_creole
18439,cajun_creole
15998,southern_us
31815,indian
21879,mexican
40095,chinese
43972,mexican
23982,french
23836,southern_us
46159,chinese
4302,french
35145,french
30222,moroccan
30560,mexican
19781,southern_us
16250,brazilian
32866,jamaican
31665,indian
47334,thai
34527,mexican
5760,italian
13027,french
20855,southern_us
8816,chinese
45001,italian
9143,cajun_creole
19989,french
42673,spanish
30565,chinese
26924,southern_us
22404,moroccan
4272,cajun_creole
2728,italian
26853,french
20862,chinese
25107,southern_us
38168,cajun_creole
7053,british
28624,korean
7237,british
18398,mexican
46793,italian
31501,southern_us
20617,spanish
28046,chinese
17167,british
30370,chinese
31984,indian
25643,italian
6394,chinese
34282,thai
47658,indian
24087,irish
26732,mexican
29627,indian
37412,french
15435,greek
26066,italian
47869,italian
48059,southern_us
39577,greek
41509,greek
34606,indian
2021,thai
2532,greek
27724,thai
8754,chinese
4301,indian
25137,italian
24483,mexican
8566,italian
46526,southern_us
42148,italian
17663,filipino
25669,indian
4011,mexican
19432,spanish
11439,mexican
1162,vietnamese
20953,chinese
38796,italian
30043,chinese
36182,italian
33840,russian
43911,cajun_creole
5736,british
17534,chinese
51,italian
1032,cajun_creole
32889,italian
34487,indian
49264,mexican
5804,cajun_creole
9724,vietnamese
4112,italian
16786,italian
2781,indian
5785,mexican
17249,brazilian
27894,italian
11444,indian
35396,british
15083,mexican
36320,cajun_creole
49475,chinese
32585,korean
22474,italian
3014,italian
40396,greek
36634,mexican
18543,chinese
22089,japanese
33545,southern_us
29049,southern_us
9681,greek
31476,chinese
46081,italian
1293,southern_us
3830,mexican
49201,korean
4236,mexican
17185,british
48757,southern_us
48277,irish
19192,mexican
23579,japanese
867,southern_us
919,italian
11704,indian
10939,british
6397,italian
21926,jamaican
41831,mexican
29221,italian
15627,indian
24228,mexican
31854,japanese
45533,mexican
24915,chinese
6750,cajun_creole
43562,thai
37717,french
8060,spanish
27317,mexican
23501,mexican
22255,italian
27812,french
31490,indian
43951,chinese
11407,moroccan
31821,italian
32173,indian
36050,french
18967,mexican
20530,mexican
21805,southern_us
28743,mexican
29386,jamaican
28475,indian
48106,mexican
14681,southern_us
49120,mexican
27651,mexican
2803,mexican
27372,mexican
25807,chinese
25050,mexican
35790,southern_us
42729,mexican
6419,italian
19723,vietnamese
11569,cajun_creole
10002,jamaican
28748,british
33729,mexican
6109,chinese
9245,korean
6013,spanish
4408,british
3973,southern_us
5079,italian
43736,russian
43841,french
17547,mexican
1014,greek
16213,cajun_creole
27984,french
16158,chinese
13703,italian
7838,vietnamese
40922,thai
15497,mexican
18323,cajun_creole
24432,cajun_creole
4125,mexican
47287,mexican
27909,cajun_creole
42533,japanese
41140,italian
12009,southern_us
24666,vietnamese
9000,italian
33269,italian
35110,mexican
14557,italian
1002,italian
3870,brazilian
44030,southern_us
4669,french
18282,korean
25388,italian
30918,french
31096,mexican
11806,korean
35840,italian
29994,southern_us
16630,mexican
4862,chinese
6376,mexican
21696,italian
2875,japanese
11132,italian
22506,vietnamese
1397,mexican
17443,italian
21524,moroccan
29622,mexican
36085,southern_us
39557,indian
2648,korean
40347,indian
38771,greek
44395,mexican
39038,southern_us
24321,thai
47886,southern_us
15905,mexican
3533,southern_us
36315,irish
46414,mexican
29440,southern_us
4754,vietnamese
17729,thai
42372,japanese
34214,italian
9500,chinese
25896,japanese
12995,indian
11756,chinese
22586,italian
32800,spanish
10408,mexican
10572,mexican
24046,mexican
30697,greek
46439,chinese
38885,italian
20199,jamaican
45830,french
10050,indian
20936,mexican
32765,filipino
28668,french
45215,southern_us
6217,mexican
40777,mexican
46472,greek
2281,italian
38572,italian
6585,mexican
14684,mexican
9667,spanish
14907,cajun_creole
8693,italian
18101,italian
21028,indian
18313,italian
9982,brazilian
6976,french
40781,chinese
46741,greek
3444,italian
45802,italian
12432,thai
6856,southern_us
23581,mexican
9211,french
34069,chinese
22324,jamaican
26983,brazilian
35515,greek
19409,cajun_creole
9731,moroccan
39758,southern_us
42449,thai
22877,chinese
23264,mexican
26064,italian
9606,french
7595,korean
10261,cajun_creole
24981,chinese
47183,chinese
12375,italian
23489,indian
3309,french
44269,southern_us
21212,italian
44846,italian
3875,greek
36756,indian
9086,italian
29308,mexican
19797,french
21599,italian
36287,brazilian
27373,chinese
12132,cajun_creole
24708,spanish
22669,southern_us
46213,mexican
47599,moroccan
37858,indian
46458,southern_us
34236,southern_us
7138,italian
4875,southern_us
24731,italian
11611,jamaican
20894,french
12151,french
49053,indian
43792,french
6018,chinese
42349,thai
29888,italian
30048,indian
8955,japanese
5600,italian
31683,filipino
20995,french
24548,chinese
10270,mexican
28782,chinese
13966,indian
44278,chinese
40731,indian
19851,indian
12641,filipino
17720,chinese
37801,chinese
13693,italian
603,italian
8988,mexican
24909,indian
43047,mexican
11217,chinese
22969,italian
39295,french
44185,french
327,indian
12836,indian
11299,russian
34168,french
15066,thai
13971,greek
20664,cajun_creole
49079,greek
6770,french
37297,french
44681,italian
25754,italian
28550,british
29004,vietnamese
49518,french
46998,mexican
4823,mexican
15740,french
49054,southern_us
19638,brazilian
43786,mexican
10856,mexican
3192,mexican
1796,southern_us
236,indian
37505,mexican
21677,chinese
38126,thai
20081,chinese
10068,french
27020,cajun_creole
40715,italian
4271,indian
17579,moroccan
27270,greek
28267,indian
27677,southern_us
32604,southern_us
37138,cajun_creole
6294,french
32315,italian
41792,mexican
16595,filipino
34078,chinese
13794,southern_us
48213,thai
31810,mexican
9232,italian
20850,mexican
16448,italian
17795,french
30674,mexican
29811,italian
33646,italian
10369,vietnamese
35048,italian
46730,chinese
11477,italian
5846,cajun_creole
24667,cajun_creole
22900,mexican
9423,mexican
42347,vietnamese
10922,southern_us
15777,vietnamese
1195,italian
29279,indian
17614,indian
21031,italian
9019,mexican
8853,moroccan
27544,southern_us
4608,indian
2769,southern_us
10110,thai
31823,british
26227,mexican
24508,thai
43947,chinese
47277,thai
22220,greek
33214,thai
33312,italian
7928,french
32869,russian
42076,italian
36891,italian
30152,chinese
313,italian
47091,mexican
14514,russian
18235,southern_us
26042,southern_us
35038,jamaican
13978,italian
47002,chinese
21094,indian
13017,indian
16372,chinese
31550,jamaican
370,mexican
23916,italian
16521,southern_us
22802,french
16357,italian
21960,jamaican
13401,italian
46443,italian
28013,spanish
47479,mexican
28441,italian
48359,mexican
4193,chinese
10128,italian
31943,french
22214,indian
19154,greek
40075,greek
28502,italian
26138,southern_us
43438,brazilian
2242,russian
26504,french
39388,korean
30011,mexican
21840,french
46986,italian
47365,chinese
16845,chinese
14543,indian
26612,russian
24167,french
16540,chinese
11760,french
27205,mexican
27053,cajun_creole
11126,greek
4673,italian
6873,southern_us
6924,mexican
1156,chinese
35065,thai
25018,chinese
2013,greek
41180,italian
133,indian
15558,japanese
25721,mexican
36543,southern_us
4381,chinese
12857,filipino
43016,indian
44901,chinese
47981,mexican
17942,mexican
10158,british
11575,mexican
2784,southern_us
229,moroccan
3330,southern_us
8096,indian
10475,italian
28164,french
40324,chinese
35644,italian
12882,chinese
36403,mexican
31482,indian
19854,italian
34136,mexican
26289,italian
24955,southern_us
3785,indian
42392,italian
40628,mexican
4253,spanish
19562,french
1189,italian
27870,italian
339,korean
36589,italian
519,chinese
26577,vietnamese
9258,italian
18690,italian
41665,indian
4485,mexican
6221,chinese
8131,italian
27672,italian
13033,southern_us
34580,chinese
30508,chinese
38865,mexican
47149,italian
24924,italian
38795,thai
44825,spanish
36855,italian
48305,southern_us
19482,cajun_creole
8935,mexican
37946,french
13755,indian
47007,cajun_creole
34742,chinese
8527,korean
19206,italian
25799,korean
26985,italian
49104,southern_us
47871,italian
45767,chinese
42406,british
39016,mexican
32666,mexican
47848,cajun_creole
23698,italian
21671,brazilian
9897,mexican
5454,indian
45957,spanish
41165,cajun_creole
4571,italian
29052,mexican
26740,mexican
12496,french
28878,greek
45139,italian
256,italian
5311,italian
32114,mexican
36869,french
39652,italian
25933,french
38099,chinese
38369,russian
22489,moroccan
11365,indian
48544,irish
22670,mexican
1218,chinese
39519,greek
8839,italian
36245,mexican
14797,mexican
5268,mexican
10358,french
10036,spanish
37307,mexican
40597,mexican
29688,mexican
19783,french
423,mexican
27353,italian
19759,japanese
10429,japanese
45689,greek
1169,indian
34243,french
32838,french
48853,jamaican
45757,jamaican
27531,southern_us
32236,greek
34638,chinese
47946,french
30598,cajun_creole
1749,chinese
21939,italian
30875,russian
42792,french
12380,mexican
48403,chinese
34186,jamaican
15900,italian
38907,mexican
35447,filipino
31842,indian
33953,southern_us
20569,italian
29822,spanish
584,cajun_creole
24004,mexican
43265,italian
29251,italian
33798,french
21312,italian
3739,chinese
24748,mexican
25311,cajun_creole
43715,japanese
21934,italian
20538,indian
48840,brazilian
6586,chinese
37771,filipino
6112,british
47944,italian
38275,italian
28126,italian
22422,indian
5305,cajun_creole
35772,italian
5341,brazilian
49491,chinese
743,chinese
26558,southern_us
13925,indian
41764,mexican
36120,chinese
6952,russian
40620,indian
17124,chinese
23444,indian
1977,southern_us
13417,mexican
42123,chinese
45457,mexican
1655,irish
33346,southern_us
26981,thai
3067,greek
25273,southern_us
16897,southern_us
10284,mexican
45324,french
33733,chinese
33326,mexican
39337,greek
13674,mexican
3726,cajun_creole
4501,mexican
48437,vietnamese
22443,italian
38069,french
37740,mexican
26973,italian
33399,mexican
9358,chinese
24784,british
46043,southern_us
21798,thai
13422,greek
33081,italian
48878,japanese
11370,thai
30817,italian
28004,indian
18349,russian
9561,italian
36933,chinese
8157,vietnamese
22382,french
25500,greek
39490,italian
18710,moroccan
35004,mexican
17719,spanish
19256,cajun_creole
48264,southern_us
52,chinese
43628,italian
41707,moroccan
29524,chinese
23716,italian
6355,southern_us
16054,indian
39766,japanese
44868,italian
46752,filipino
8413,italian
49260,indian
45751,southern_us
34634,greek
2405,japanese
48092,chinese
9995,moroccan
3165,french
19395,korean
9715,italian
41697,thai
20053,greek
38879,filipino
30008,mexican
12349,mexican
16217,mexican
36621,mexican
40661,southern_us
48599,greek
22501,indian
2192,mexican
35798,italian
46899,mexican
520,chinese
43283,chinese
20397,italian
10162,chinese
24135,southern_us
17849,french
37654,indian
26158,korean
5428,french
18673,southern_us
34525,cajun_creole
17364,moroccan
33684,spanish
9802,italian
24240,italian
11809,italian
41184,italian
23188,italian
31228,mexican
6443,indian
1231,indian
10733,vietnamese
40737,cajun_creole
35499,thai
8318,french
47684,chinese
15563,french
7349,french
48592,moroccan
47078,mexican
18835,italian
6332,french
16661,french
10943,vietnamese
46362,mexican
38598,indian
42888,mexican
24256,mexican
44570,korean
29791,mexican
24175,mexican
36713,mexican
40644,chinese
28655,chinese
2848,mexican
34162,indian
26633,chinese
43273,mexican
48550,french
37308,italian
19005,southern_us
1921,southern_us
8472,italian
44040,cajun_creole
12770,italian
11145,mexican
6660,french
20760,southern_us
42642,thai
4662,chinese
26597,mexican
39988,french
44052,italian
15811,southern_us
46315,french
5398,greek
40009,mexican
15089,mexican
28628,chinese
39013,thai
1963,southern_us
8842,cajun_creole
31195,italian
37598,indian
24539,italian
39305,mexican
23465,indian
36550,french
33725,french
29517,french
11675,japanese
23852,chinese
42909,french
37054,chinese
12000,indian
9166,moroccan
47048,italian
22116,vietnamese
45240,mexican
33943,southern_us
15308,italian
38756,russian
32704,southern_us
29469,japanese
47877,spanish
48756,mexican
21975,russian
29429,japanese
20881,mexican
47414,mexican
9345,mexican
47011,french
27112,italian
20402,italian
45341,mexican
32670,indian
41698,french
19857,mexican
42417,italian
32254,korean
2942,indian
46855,italian
20696,italian
48300,indian
192,thai
32018,french
36695,indian
48964,chinese
12766,southern_us
42491,cajun_creole
38537,thai
22752,thai
13104,indian
24203,cajun_creole
38935,italian
805,indian
3417,italian
10861,mexican
26640,southern_us
45720,korean
49419,southern_us
40352,italian
23447,cajun_creole
35394,japanese
10875,chinese
33773,french
1539,thai
27817,southern_us
12418,chinese
37243,cajun_creole
42127,southern_us
12905,filipino
43889,italian
45671,italian
9885,french
16313,chinese
29862,indian
11076,italian
14205,southern_us
160,italian
25777,mexican
11522,italian
27860,mexican
15442,chinese
21682,british
47530,chinese
10462,mexican
19447,italian
32509,japanese
13777,indian
46566,italian
12818,cajun_creole
6901,vietnamese
8420,southern_us
18262,italian
26488,italian
40225,korean
24543,southern_us
38946,cajun_creole
48842,italian
2245,russian
28820,italian
26076,thai
21408,thai
43137,southern_us
16077,chinese
6136,brazilian
26797,greek
22232,irish
32513,chinese
46573,italian
23417,chinese
28077,italian
48348,chinese
14165,greek
34531,mexican
48014,southern_us
45409,mexican
29847,japanese
29100,indian
47637,vietnamese
25472,italian
34066,mexican
23038,italian
5813,moroccan
12715,southern_us
37649,japanese
4643,southern_us
31958,japanese
48808,italian
14005,southern_us
25496,thai
37029,mexican
25821,mexican
43337,chinese
38604,mexican
29603,filipino
21318,french
20175,filipino
49623,french
16352,french
48535,mexican
3761,italian
24743,southern_us
2493,british
29402,southern_us
47827,southern_us
44726,indian
20472,italian
48253,italian
9810,french
24644,italian
9437,italian
48306,french
5288,mexican
23638,brazilian
8961,southern_us
29190,southern_us
40440,british
1485,mexican
3237,italian
49664,cajun_creole
7013,southern_us
31322,southern_us
9921,southern_us
43495,italian
16404,korean
14207,greek
36283,mexican
45185,french
46086,indian
15950,moroccan
10852,southern_us
7872,russian
23328,italian
33971,italian
43534,british
31355,italian
41253,greek
41422,southern_us
48204,indian
32057,mexican
43836,southern_us
24107,indian
36496,indian
6061,italian
3404,french
13461,southern_us
42443,southern_us
49612,italian
48237,moroccan
25591,chinese
5051,greek
38735,chinese
45315,indian
10499,chinese
37733,southern_us
28537,japanese
42701,chinese
2149,mexican
8204,chinese
48318,chinese
31976,japanese
16798,french
3463,jamaican
45378,french
5059,mexican
634,indian
31436,mexican
44424,thai
27210,french
9367,french
42447,italian
39473,mexican
48459,southern_us
26925,indian
27418,thai
43549,brazilian
28330,italian
23540,italian
23046,cajun_creole
3010,indian
3764,mexican
8310,mexican
24067,chinese
33496,chinese
17217,southern_us
38134,mexican
48225,mexican
10819,chinese
20270,russian
11362,thai
15251,moroccan
39093,indian
10567,mexican
45243,spanish
5649,filipino
40569,italian
1045,italian
10509,french
14626,indian
18812,italian
4233,italian
13695,moroccan
40308,italian
46604,french
22035,italian
39290,italian
46065,thai
41748,mexican
26524,vietnamese
32543,italian
4398,southern_us
27069,southern_us
33375,indian
4039,greek
8010,indian
45016,mexican
49669,southern_us
43785,chinese
4641,southern_us
20897,british
27149,thai
48400,indian
47164,cajun_creole
43054,italian
44898,indian
43722,southern_us
6650,mexican
23376,italian
24251,cajun_creole
41325,thai
19133,french
15843,indian
34532,italian
21679,italian
35411,italian
9765,mexican
16906,mexican
37624,chinese
19551,spanish
42361,mexican
16853,mexican
36743,chinese
30296,indian
40826,chinese
25987,indian
37150,british
42940,spanish
8704,mexican
27779,mexican
27962,italian
42110,thai
43848,italian
2334,korean
18882,french
32970,french
44755,russian
34346,italian
5155,filipino
36723,italian
41932,italian
14939,japanese
36282,mexican
8585,mexican
40931,british
47156,chinese
7015,italian
9084,italian
44893,italian
43738,mexican
11072,southern_us
37376,irish
25937,chinese
37277,mexican
22283,mexican
3742,italian
34508,spanish
19929,italian
7,indian
46340,japanese
3755,southern_us
19864,cajun_creole
41988,korean
35558,indian
19853,mexican
17597,thai
45852,mexican
22994,french
5226,mexican
770,italian
19583,indian
8878,french
37395,italian
17516,greek
14983,mexican
33265,italian
32004,indian
29173,southern_us
9512,mexican
28947,french
19787,cajun_creole
39736,vietnamese
30802,french
23130,thai
3222,italian
46823,mexican
27115,mexican
31230,southern_us
12128,french
30321,mexican
5252,italian
17584,southern_us
8978,indian
14020,italian
34404,indian
20503,mexican
13911,irish
23318,italian
34663,french
31032,mexican
30561,vietnamese
17515,italian
21828,cajun_creole
38861,mexican
45901,chinese
35750,filipino
30109,thai
4834,italian
42267,italian
13611,greek
38270,southern_us
29008,southern_us
43002,greek
21180,mexican
35667,mexican
2567,chinese
24573,southern_us
47258,southern_us
2185,filipino
26974,mexican
37824,japanese
23441,italian
22642,chinese
39849,southern_us
49051,mexican
22925,cajun_creole
36912,mexican
240,italian
19385,french
14144,mexican
11335,mexican
48223,british
18788,greek
25267,indian
25407,filipino
15707,italian
35675,thai
9799,mexican
33106,mexican
20615,southern_us
8702,indian
22866,indian
49019,southern_us
18556,chinese
16141,mexican
48322,korean
37350,mexican
1027,thai
37668,mexican
42765,cajun_creole
4797,thai
17424,filipino
42608,spanish
21519,italian
46087,italian
37806,indian
35900,italian
32620,french
31940,spanish
1505,cajun_creole
36398,mexican
13061,italian
4675,chinese
49036,italian
40404,cajun_creole
22999,japanese
15127,jamaican
20104,italian
48058,brazilian
41589,mexican
11834,mexican
4206,italian
42435,vietnamese
25186,spanish
37071,japanese
3137,mexican
741,italian
15780,mexican
4316,cajun_creole
9340,southern_us
46997,japanese
15261,indian
14689,indian
883,indian
40034,mexican
564,mexican
15336,chinese
24025,southern_us
21582,mexican
18527,italian
20904,british
8738,italian
8676,mexican
30185,mexican
41562,southern_us
35307,indian
28143,southern_us
47656,cajun_creole
29347,italian
40348,french
2254,brazilian
38895,french
27678,southern_us
7841,indian
20334,italian
40242,italian
21339,italian
35281,mexican
35105,thai
32338,french
41230,greek
35787,italian
30724,french
32342,italian
6387,southern_us
49285,cajun_creole
48681,jamaican
11476,italian
27821,british
10071,italian
31396,chinese
37046,moroccan
18989,chinese
23456,french
12371,greek
19605,mexican
48908,italian
36415,indian
27641,italian
34351,italian
48259,southern_us
33139,southern_us
29250,british
32743,japanese
47317,cajun_creole
46124,russian
33783,irish
29366,filipino
20984,korean
6499,southern_us
38253,chinese
30846,british
38089,british
41767,chinese
40076,mexican
14869,indian
27388,italian
13289,italian
33625,southern_us
33722,indian
35156,italian
9267,cajun_creole
37124,mexican
7622,mexican
46842,mexican
3105,french
32728,korean
24933,mexican
33258,french
34757,chinese
42060,greek
29607,mexican
41168,southern_us
39710,cajun_creole
24428,cajun_creole
35391,italian
14283,southern_us
47132,italian
47127,mexican
26861,southern_us
40946,italian
30267,southern_us
3249,chinese
31629,mexican
48102,indian
33922,thai
33084,russian
1257,italian
32175,indian
33580,italian
36307,jamaican
24430,thai
25946,cajun_creole
38234,brazilian
9831,korean
21341,mexican
18746,italian
21259,greek
36407,italian
45971,southern_us
47568,thai
9169,mexican
15917,southern_us
19884,vietnamese
34196,moroccan
42336,mexican
42846,indian
27223,southern_us
12495,southern_us
16957,mexican
14705,indian
49694,irish
26122,southern_us
20002,french
36036,british
22803,vietnamese
23804,moroccan
14129,irish
28263,japanese
3995,french
42930,thai
15527,mexican
3274,italian
49387,mexican
33406,thai
32008,italian
30325,italian
28018,vietnamese
466,russian
11201,mexican
39689,chinese
35109,italian
39297,southern_us
39694,filipino
35954,moroccan
795,irish
13013,mexican
22344,moroccan
7505,french
41009,indian
18178,southern_us
24795,spanish
28486,chinese
14189,jamaican
34459,french
11618,mexican
25699,greek
5908,chinese
16396,korean
40936,irish
12568,indian
4386,southern_us
34355,italian
868,irish
45186,russian
19291,indian
38548,greek
1848,cajun_creole
2144,mexican
13629,chinese
6588,italian
25411,italian
49162,italian
4353,chinese
13310,italian
3313,italian
46725,chinese
39197,indian
49483,mexican
7108,irish
45368,southern_us
22628,chinese
40786,mexican
29697,mexican
4103,southern_us
15011,italian
43213,mexican
17369,british
1560,mexican
36704,mexican
40432,indian
28394,italian
31410,greek
19276,mexican
3024,french
4582,indian
21732,mexican
210,southern_us
622,spanish
10935,filipino
19607,cajun_creole
47407,italian
29722,indian
21665,mexican
16330,moroccan
10647,thai
33369,mexican
35933,italian
44010,mexican
13599,thai
40689,italian
33887,mexican
30306,cajun_creole
43031,jamaican
32346,chinese
2940,greek
6785,russian
2786,indian
11481,mexican
39121,italian
10954,chinese
33155,cajun_creole
5345,italian
40164,thai
48554,mexican
9698,french
23106,mexican
43093,french
24672,chinese
5891,italian
47093,italian
15009,italian
28060,irish
33523,chinese
2379,mexican
14775,southern_us
15220,mexican
36851,mexican
39829,southern_us
22383,russian
3205,italian
8408,filipino
20126,mexican
19470,vietnamese
12053,japanese
14516,italian
14748,italian
44791,british
1532,southern_us
30793,mexican
31881,mexican
5160,greek
5057,brazilian
34194,greek
41705,italian
19905,russian
35629,british
42103,mexican
45941,korean
9110,indian
42172,indian
41939,moroccan
45250,italian
28289,greek
18355,irish
14703,greek
3461,french
45098,cajun_creole
11405,jamaican
46844,mexican
26361,italian
6523,italian
24156,irish
29448,british
1001,indian
17391,french
12403,french
25749,french
21618,mexican
20383,chinese
12910,french
44894,italian
24454,french
5825,mexican
11,mexican
23267,irish
49099,italian
42191,indian
10319,greek
11648,greek
4412,korean
44603,indian
12311,southern_us
9352,filipino
47952,italian
49425,italian
43678,cajun_creole
10148,italian
16081,thai
49688,italian
32985,mexican
11136,mexican
41207,southern_us
46821,indian
15891,cajun_creole
40458,japanese
11581,italian
45144,italian
47545,southern_us
21086,irish
35770,mexican
35552,korean
21580,southern_us
191,indian
11292,southern_us
5941,mexican
25711,mexican
43796,indian
29280,mexican
9015,indian
28401,southern_us
5686,mexican
4547,mexican
35474,southern_us
48123,mexican
43267,greek
1135,southern_us
37990,cajun_creole
9701,french
47511,irish
19287,vietnamese
39299,southern_us
24289,italian
29505,italian
40518,southern_us
9584,chinese
16133,southern_us
4701,french
39859,cajun_creole
29087,indian
9937,indian
4356,french
39846,italian
2086,southern_us
48530,italian
45933,southern_us
27744,italian
5434,southern_us
19893,french
18827,mexican
4968,indian
30024,italian
2117,indian
47237,mexican
20171,indian
13702,french
3935,russian
33714,italian
45210,chinese
22498,korean
13586,southern_us
17791,french
12148,korean
14958,french
37356,italian
7936,italian
46242,chinese
30049,mexican
25722,italian
26562,italian
34145,italian
15874,french
14347,italian
42311,mexican
41735,indian
4188,british
47079,mexican
24816,mexican
10631,indian
28766,mexican
8876,mexican
49258,chinese
14429,cajun_creole
49598,italian
29394,british
25872,korean
22278,chinese
26095,thai
11504,southern_us
12930,indian
19846,greek
7989,italian
10964,thai
35529,french
4032,mexican
13301,southern_us
4658,southern_us
15844,thai
1520,british
40467,southern_us
1920,korean
44382,french
29341,italian
18516,moroccan
482,indian
7100,italian
22396,indian
19439,thai
24306,italian
37618,mexican
5751,japanese
16615,italian
12969,southern_us
35806,italian
33677,mexican
45656,mexican
10030,thai
3424,indian
22774,mexican
49429,indian
32014,japanese
5238,italian
11811,greek
44987,italian
15113,indian
48635,italian
29659,italian
14245,korean
31750,mexican
30367,indian
9257,mexican
19427,thai
28431,french
7503,mexican
44760,mexican
21161,mexican
29057,mexican
18401,indian
28793,mexican
47306,italian
24211,italian
23532,italian
49332,thai
35851,moroccan
7252,southern_us
17755,filipino
36187,italian
9847,southern_us
9136,irish
32182,italian
40130,russian
30456,french
1221,indian
16726,mexican
15525,mexican
17007,british
20960,chinese
8986,french
5184,russian
40640,japanese
24425,mexican
1754,cajun_creole
10093,french
23021,chinese
4222,mexican
48476,italian
44301,irish
13850,italian
28575,mexican
20138,french
23020,mexican
44250,indian
20038,mexican
38621,vietnamese
18689,spanish
10545,japanese
18473,chinese
36411,cajun_creole
3190,italian
46615,chinese
6042,italian
33483,southern_us
846,british
34900,southern_us
12632,southern_us
45948,italian
49275,mexican
36830,italian
28630,cajun_creole
47422,chinese
38625,southern_us
15296,southern_us
22919,french
19145,french
23315,chinese
49413,mexican
46370,italian
41564,greek
41226,italian
20817,mexican
41661,korean
8599,french
6386,mexican
16523,italian
13154,mexican
6583,italian
38523,cajun_creole
19909,french
32321,french
43106,southern_us
38704,moroccan
35681,indian
15028,italian
36820,spanish
9598,southern_us
28818,southern_us
20418,southern_us
4511,french
391,italian
21507,mexican
31714,brazilian
15215,italian
24333,italian
11728,mexican
20010,italian
4450,chinese
8003,moroccan
3358,mexican
27326,cajun_creole
32894,mexican
416,southern_us
11244,french
46556,mexican
47810,indian
32819,italian
33992,italian
35820,southern_us
10562,french
32036,french
29932,korean
36568,italian
9280,greek
22836,mexican
42268,italian
48580,moroccan
12219,italian
38662,japanese
41593,italian
22886,italian
12617,italian
3402,french
21195,moroccan
24569,mexican
31035,thai
20229,thai
2263,mexican
10826,filipino
14394,irish
34210,italian
3429,thai
49157,chinese
40847,italian
14084,italian
6802,mexican
22381,southern_us
21016,brazilian
29024,italian
4478,thai
36711,indian
8300,italian
47035,italian
15596,british
19902,british
31242,southern_us
21117,indian
15234,cajun_creole
24993,chinese
31007,cajun_creole
31687,mexican
13657,mexican
36612,southern_us
14008,chinese
32124,french
43570,thai
14059,indian
30246,french
36028,southern_us
22339,italian
42525,southern_us
1443,mexican
